Тестовая информация 0. Исходные сенсорные данные: Time, X_rob, Y_rob, Ang_rob, X_obj, Y_obj, Distance (мм, град)
15:30:52.781 698.0660400391 1435.2094726563 9.5970745087 1800.4191279503 1621.6006461787 978.0000000000
15:30:52.812 698.0660400391 1435.2094726563 9.5970745087 1800.4191279503 1621.6006461787 978.0000000000
15:30:52.843 698.0660400391 1435.2094726563 9.5970745087 1814.2231916630 1623.9347038078 992.0000000000
15:30:52.875 698.0660400391 1435.2094726563 9.5970745087 1917.7536695082 1641.4401360259 1097.0000000000
15:30:52.906 698.0660400391 1435.2094726563 9.5970745087 1800.4191279503 1621.6006461787 978.0000000000
15:30:52.937 698.0660400391 1435.2094726563 9.5970745087 1800.4191279503 1621.6006461787 978.0000000000
15:30:52.968 698.0660400391 1435.2094726563 9.5970745087 1742.2448594468 1611.7642604561 919.0000000000
15:30:53.000 698.0660400391 1435.2094726563 9.5970745087 1742.2448594468 1611.7642604561 919.0000000000
15:30:53.031 698.0660400391 1435.2094726563 9.5970745087 1792.5310915431 1620.2668989621 970.0000000000
15:30:53.062 698.0660400391 1435.2094726563 9.5970745087 n/a n/a n/a
15:30:53.093 698.0660400391 1435.2094726563 9.5970745087 1900.9915921428 1638.6059231906 1080.0000000000
15:30:53.125 698.0660400391 1435.2094726563 9.5970745087 n/a n/a n/a
15:30:53.156 698.0660400391 1435.2094726563 9.5970745087 n/a n/a n/a
15:30:53.187 698.0660400391 1435.2094726563 9.5970745087 1900.9915921428 1638.6059231906 1080.0000000000
15:30:53.218 698.0660400391 1435.2094726563 9.5970745087 1900.9915921428 1638.6059231906 1080.0000000000
15:30:53.250 698.0660400391 1435.2094726563 9.5970745087 1800.4191279503 1621.6006461787 978.0000000000
15:30:53.281 698.0660400391 1435.2094726563 9.5970745087 1789.5730778904 1619.7667437559 967.0000000000
15:30:53.312 698.0660400391 1435.2094726563 9.5970745087 1795.4891051958 1620.7670541683 973.0000000000
15:30:53.343 698.0660400391 1435.2094726563 9.5970745087 1793.5170960940 1620.4336173642 971.0000000000
15:30:53.375 698.0660400391 1435.2094726563 9.5970745087 1789.5730778904 1619.7667437559 967.0000000000
15:30:53.406 698.0660400391 1435.2094726563 9.5970745087 1793.5170960940 1620.4336173642 971.0000000000
15:30:53.437 698.0660400391 1435.2094726563 9.5970745087 1839.8593099866 1628.2693822618 1018.0000000000
15:30:53.468 698.0660400391 1435.2094726563 9.5760622025 1839.9300348218 1627.8506349590 1018.0000000000
15:30:53.500 698.0660400391 1435.2094726563 9.5760622025 1839.9300348218 1627.8506349590 1018.0000000000
15:30:53.531 698.0660400391 1435.2094726563 9.3440637589 1843.6608958090 1623.7125931290 1021.0000000000
15:30:53.562 698.0660400391 1435.2094726563 9.3440637589 1818.0058861190 1619.4911623518 995.0000000000
15:30:53.593 698.0660400391 1435.2094726563 9.1120643616 1821.7050292939 1615.4299537924 998.0000000000
15:30:53.625 698.0660400391 1435.2094726563 8.8730611801 1819.4829240410 1610.2785226620 995.0000000000
15:30:53.656 698.0660400391 1435.2094726563 8.8730611801 1804.6624365872 1607.9648347764 980.0000000000
15:30:53.687 698.0660400391 1435.2094726563 8.6384353638 1805.3605883829 1603.4318944750 980.0000000000
15:30:53.718 698.0660400391 1435.2094726563 8.4143152237 1779.3007733331 1595.1483719690 953.0000000000
15:30:53.750 698.0660400391 1435.2094726563 8.4143152237 1778.3115375295 1595.0020417775 952.0000000000
15:30:53.781 698.0660400391 1435.2094726563 8.1840667725 1778.9449547108 1590.6596955986 952.0000000000
15:30:53.812 698.0660400391 1435.2094726563 7.9380593300 1780.5928547069 1586.1554746562 953.0000000000
15:30:53.843 698.0660400391 1435.2094726563 7.9380593300 1780.5928547069 1586.1554746562 953.0000000000
15:30:53.875 698.0660400391 1435.2094726563 7.7051839828 1839.6647160339 1589.6648479632 1012.0000000000
15:30:53.906 698.0660400391 1435.2094726563 7.4801883698 1781.7645392234 1577.4998899739 953.0000000000
15:30:53.937 698.0660400391 1435.2094726563 7.4801883698 1764.9092103248 1575.2867727787 936.0000000000
15:30:53.968 698.0660400391 1435.2094726563 7.2420606613 1765.4821717515 1570.8516554570 936.0000000000
15:30:54.000 698.0660400391 1435.2094726563 7.0030574799 1693.5833058807 1557.4975481435 863.0000000000
15:30:54.031 698.0660400391 1435.2094726563 7.0030574799 1693.5833058807 1557.4975481435 863.0000000000
15:30:54.062 698.0660400391 1435.2094726563 6.7780613899 1694.0558446635 1553.5872960834 863.0000000000
15:30:54.093 698.0660400391 1435.2094726563 6.5443110466 1700.4914062989 1550.2067990337 869.0000000000
15:30:54.125 698.0660400391 1435.2094726563 6.5443110466 1699.4979222887 1550.0928274515 868.0000000000
15:30:54.156 698.0660400391 1435.2094726563 6.3035569191 1699.9718144059 1545.8838567091 868.0000000000
15:30:54.187 698.0660400391 1435.2094726563 6.0689306259 1698.4278335617 1541.5686850230 866.0000000000
15:30:54.218 698.0660400391 1435.2094726563 6.0689306259 1698.4278335617 1541.5686850230 866.0000000000
15:30:54.250 698.0660400391 1435.2094726563 5.8404331207 1712.7713695499 1539.0029900715 880.0000000000
15:30:54.281 698.0660400391 1435.2094726563 5.8404331207 1698.8440414977 1537.5783731658 866.0000000000
15:30:54.312 698.0660400391 1435.2094726563 5.6058073044 1688.3074567162 1532.4048259012 855.0000000000
15:30:54.343 698.0660400391 1435.2094726563 5.3668041229 1688.7042801593 1528.2733066987 855.0000000000
15:30:54.375 698.0660400391 1435.2094726563 5.3668041229 1693.6823617680 1528.7409641562 860.0000000000
15:30:54.406 698.0660400391 1435.2094726563 5.1365551949 1694.0501874118 1524.7392340622 860.0000000000
15:30:54.437 698.0660400391 1435.2094726563 4.8984274864 1713.3442853283 1522.2214525069 879.0000000000
15:30:54.468 698.0660400391 1435.2094726563 4.8984274864 1708.3625471276 1521.7945046175 874.0000000000
15:30:54.500 698.0660400391 1435.2094726563 4.6716814041 1697.7338367433 1516.8997182649 863.0000000000
15:30:54.531 698.0660400391 1435.2094726563 4.4396820068 1699.0534164628 1512.9286609919 864.0000000000
15:30:54.562 698.0660400391 1435.2094726563 4.4396820068 1698.0564170839 1512.8512514418 863.0000000000
15:30:54.593 698.0660400391 1435.2094726563 4.1989274025 1697.3765198278 1508.5754387412 862.0000000000
15:30:54.625 698.0660400391 1435.2094726563 3.9704298973 1698.6587582100 1504.6588235423 863.0000000000
15:30:54.656 698.0660400391 1435.2094726563 3.9704298973 1697.6611582916 1504.5895819163 862.0000000000
15:30:54.687 698.0660400391 1435.2094726563 3.7410569191 1689.9479449285 1500.0653648174 854.0000000000
15:30:54.718 698.0660400391 1435.2094726563 3.4968006611 1691.2135547629 1495.8973132262 855.0000000000
15:30:54.750 698.0660400391 1435.2094726563 3.4968006611 1690.2154165572 1495.8363204216 854.0000000000
15:30:54.781 698.0660400391 1435.2094726563 3.2674276829 1690.4501738577 1491.8639600363 854.0000000000
15:30:54.812 698.0660400391 1435.2094726563 3.0249223709 1699.6685353851 1488.1381162406 863.0000000000
15:30:54.843 698.0660400391 1435.2094726563 3.0249223709 1699.6685353851 1488.1381162406 863.0000000000
15:30:54.875 698.0660400391 1435.2094726563 2.7973001003 1690.8816275460 1483.7193602932 854.0000000000
15:30:54.906 698.0660400391 1435.2094726563 2.5688025951 1700.0581471358 1480.1629743107 863.0000000000
15:30:54.937 698.0660400391 1435.2094726563 2.5688025951 1721.0370446922 1481.1041742457 884.0000000000
15:30:54.968 698.0660400391 1435.2094726563 2.3403050900 1703.2269524574 1476.2891530525 866.0000000000
15:30:55.000 698.0660400391 1435.2094726563 2.3403050900 1703.2269524574 1476.2891530525 866.0000000000
15:30:55.031 698.0660400391 1435.2094726563 2.0942978859 1681.4087631025 1471.1690192797 844.0000000000
15:30:55.062 698.0660400391 1435.2094726563 1.8658003807 1681.5443508754 1467.2471397028 844.0000000000
15:30:55.093 698.0660400391 1435.2094726563 1.8658003807 1685.5422301877 1467.3773741217 848.0000000000
15:30:55.125 698.0660400391 1435.2094726563 1.6373028755 1693.6593977181 1463.6676198292 856.0000000000
15:30:55.156 698.0660400391 1435.2094726563 1.3921712637 1693.7720395556 1459.4078718183 856.0000000000
15:30:55.187 698.0660400391 1435.2094726563 1.3921712637 1755.7537383208 1460.9141978706 918.0000000000
15:30:55.218 698.0660400391 1435.2094726563 1.1671756506 1722.8533701381 1456.0883630362 885.0000000000
15:30:55.250 698.0660400391 1435.2094726563 0.9281723499 1710.9331226051 1451.6190140691 873.0000000000
15:30:55.281 698.0660400391 1435.2094726563 0.9281723499 1710.9331226051 1451.6190140691 873.0000000000
15:30:55.312 698.0660400391 1435.2094726563 0.6987991929 1710.9906986532 1447.5640655923 873.0000000000
15:30:55.343 698.0660400391 1435.2094726563 0.4597959518 1711.0334216752 1443.3386630419 873.0000000000
15:30:55.375 698.0660400391 1435.2094726563 0.4597959518 1711.0334216752 1443.3386630419 873.0000000000
15:30:55.406 698.0660400391 1435.2094726563 0.2295473963 1714.0578861887 1439.2799213480 876.0000000000
15:30:55.437 698.0660400391 1435.2094726563 -0.0015766264 1714.0660396520 1435.1815150569 876.0000000000
15:30:55.468 698.0660400391 1435.2094726563 -0.0015766264 1716.0660396512 1435.1814600223 878.0000000000
15:30:55.500 698.0660400391 1435.2094726563 -0.2344516069 1730.0574001060 1430.9865894855 892.0000000000
15:30:55.531 698.0660400391 1435.2094726563 -0.4743303359 1730.0306758432 1426.6660281077 892.0000000000
15:30:55.562 698.0660400391 1435.2094726563 -0.4743303359 1731.0306415755 1426.6577495761 893.0000000000
15:30:55.593 698.0660400391 1435.2094726563 -0.7019525170 1735.9881409919 1422.4928556276 898.0000000000
15:30:55.625 698.0660400391 1435.2094726563 -0.9322010875 1735.9286574392 1418.3219802925 898.0000000000
15:30:55.656 698.0660400391 1435.2094726563 -0.9322010875 1735.9286574392 1418.3219802925 898.0000000000
15:30:55.687 698.0660400391 1435.2094726563 -1.1764571667 1727.8489204792 1414.0619161206 890.0000000000
15:30:55.718 698.0660400391 1435.2094726563 -1.1764571667 1720.8503960490 1414.2056373787 883.0000000000
15:30:55.750 698.0660400391 1435.2094726563 -1.4067057371 1727.7556222014 1409.9238170097 890.0000000000
15:30:55.781 698.0660400391 1435.2094726563 -1.6448335648 1720.6445236469 1405.8454665012 883.0000000000
15:30:55.812 698.0660400391 1435.2094726563 -1.6448335648 1720.6445236469 1405.8454665012 883.0000000000
15:30:55.843 698.0660400391 1435.2094726563 -1.8707047701 1733.5138908696 1401.3901260424 896.0000000000
15:30:55.875 698.0660400391 1435.2094726563 -2.1088323593 1794.3230782911 1394.8423315923 957.0000000000
15:30:55.906 698.0660400391 1435.2094726563 -2.1088323593 1736.3623597690 1396.9766015848 899.0000000000
15:30:55.937 698.0660400391 1435.2094726563 -2.3382055759 1794.1526916270 1390.4540014224 957.0000000000
15:30:55.968 698.0660400391 1435.2094726563 -2.5772087574 1793.9564633119 1385.8821964946 957.0000000000
15:30:56.000 698.0660400391 1435.2094726563 -2.5772087574 1793.9564633119 1385.8821964946 957.0000000000
15:30:56.031 698.0660400391 1435.2094726563 -2.8022046089 1793.7543099394 1381.5791156038 957.0000000000
15:30:56.062 698.0660400391 1435.2094726563 -3.0464606285 1793.5157241871 1376.9086193636 957.0000000000
15:30:56.093 698.0660400391 1435.2094726563 -3.0464606285 1745.5835593382 1379.4596138560 909.0000000000
15:30:56.125 698.0660400391 1435.2094726563 -3.2732074261 1745.3547281570 1375.3145335114 909.0000000000
15:30:56.156 698.0660400391 1435.2094726563 -3.5157127380 1793.0015068769 1367.9389482391 957.0000000000
15:30:56.187 698.0660400391 1435.2094726563 -3.5157127380 1793.0015068769 1367.9389482391 957.0000000000
15:30:56.218 698.0660400391 1435.2094726563 -3.7442102432 1800.7074475385 1363.0504367543 965.0000000000
15:30:56.250 698.0660400391 1435.2094726563 -3.9692060947 1804.4059894749 1358.4441401364 969.0000000000
15:30:56.281 698.0660400391 1435.2094726563 -3.9692060947 1804.4059894749 1358.4441401364 969.0000000000
15:30:56.312 698.0660400391 1435.2094726563 -4.2029566765 1809.0701559730 1353.5647889808 974.0000000000
15:30:56.343 698.0660400391 1435.2094726563 -4.4489636421 1803.7244299168 1349.1831691923 969.0000000000
15:30:56.375 698.0660400391 1435.2094726563 -4.4489636421 1803.7244299168 1349.1831691923 969.0000000000
15:30:56.406 698.0660400391 1435.2094726563 -4.6722083092 1821.3210352420 1343.4096047573 987.0000000000
15:30:56.437 698.0660400391 1435.2094726563 -4.9120874405 1834.8754368321 1337.5089334687 1001.0000000000
15:30:56.468 698.0660400391 1435.2094726563 -4.9120874405 1802.9929647046 1340.2490011760 969.0000000000
15:30:56.500 698.0660400391 1435.2094726563 -5.1423358917 1802.6024364189 1335.8095276522 969.0000000000
15:30:56.531 698.0660400391 1435.2094726563 -5.3699579239 1787.2646620470 1332.8260667223 954.0000000000
15:30:56.562 698.0660400391 1435.2094726563 -5.3699579239 1781.2909950159 1333.3875844879 948.0000000000
15:30:56.593 698.0660400391 1435.2094726563 -5.6098365784 1780.8552078883 1328.8533821720 948.0000000000
15:30:56.625 698.0660400391 1435.2094726563 -5.6098365784 1743.0372038641 1332.5680250382 910.0000000000
15:30:56.656 698.0660400391 1435.2094726563 -5.8488397598 1742.5999558423 1328.2099458734 910.0000000000
15:30:56.687 698.0660400391 1435.2094726563 -6.0834660530 1810.7644671223 1316.6210652922 979.0000000000
15:30:56.718 698.0660400391 1435.2094726563 -6.0834660530 1846.5617355540 1312.8058886478 1015.0000000000
15:30:56.750 698.0660400391 1435.2094726563 -6.3110880852 1788.4178916656 1314.6199223240 957.0000000000
15:30:56.781 698.0660400391 1435.2094726563 -6.5430874825 1811.7643435732 1307.4711123264 981.0000000000
15:30:56.812 698.0660400391 1435.2094726563 -6.5430874825 1845.5428826635 1303.5967998810 1015.0000000000
15:30:56.843 698.0660400391 1435.2094726563 -6.7829661369 1799.3037779299 1304.2268606817 969.0000000000
15:30:56.875 698.0660400391 1435.2094726563 -7.0114636421 1798.7726589724 1299.8361406041 969.0000000000
15:30:56.906 698.0660400391 1435.2094726563 -7.0114636421 1787.8549197404 1301.1788878111 958.0000000000
15:30:56.937 698.0660400391 1435.2094726563 -7.2399611473 1787.3117364399 1296.8338502839 958.0000000000
15:30:56.968 698.0660400391 1435.2094726563 -7.4850926399 1815.4626346183 1288.3971761098 987.0000000000
15:30:57.000 698.0660400391 1435.2094726563 -7.4850926399 1817.4455921952 1288.1366396474 989.0000000000
15:30:57.031 698.0660400391 1435.2094726563 -7.7144656181 1816.8478452152 1283.6566026688 989.0000000000
15:30:57.062 698.0660400391 1435.2094726563 -7.9560956955 1823.1313843623 1277.9708927932 996.0000000000
15:30:57.093 698.0660400391 1435.2094726563 -7.9560956955 1816.1987634026 1278.9397924931 989.0000000000
15:30:57.125 698.0660400391 1435.2094726563 -8.1880950928 1797.7403337844 1276.9772140286 971.0000000000
15:30:57.156 698.0660400391 1435.2094726563 -8.4174680710 1797.0980701455 1272.5761525932 971.0000000000
15:30:57.187 698.0660400391 1435.2094726563 -8.4174680710 1763.4643266498 1277.5532298948 937.0000000000
15:30:57.218 698.0660400391 1435.2094726563 -8.6468410492 1728.2224606066 1278.5514082025 902.0000000000
15:30:57.250 698.0660400391 1435.2094726563 -8.8867197037 1727.5575581460 1274.2398663917 902.0000000000
15:30:57.281 698.0660400391 1435.2094726563 -8.8867197037 1713.7256183633 1276.4026058233 888.0000000000
15:30:57.312 698.0660400391 1435.2094726563 -9.1169681549 1708.1424042221 1273.1146284636 883.0000000000
15:30:57.343 698.0660400391 1435.2094726563 -9.1169681549 1708.1424042221 1273.1146284636 883.0000000000
15:30:57.375 698.0660400391 1435.2094726563 -9.3454656601 1707.4879338930 1269.0877094723 883.0000000000
15:30:57.406 698.0660400391 1435.2094726563 -9.5870962143 1701.8482149540 1265.6649495418 878.0000000000
15:30:57.437 698.0660400391 1435.2094726563 -9.5870962143 1701.8482149540 1265.6649495418 878.0000000000
15:30:57.468 698.0660400391 1435.2094726563 -9.8190956116 1692.2853161963 1263.1367237604 869.0000000000
15:30:57.500 698.0660400391 1435.2094726563 -10.0589742661 1691.5561926481 1258.9757736539 869.0000000000
15:30:57.531 698.0660400391 1435.2094726563 -10.0589742661 1691.5561926481 1258.9757736539 869.0000000000
15:30:57.562 698.0660400391 1435.2094726563 -10.2874717712 1683.9579993567 1256.2652228243 862.0000000000
15:30:57.593 698.0660400391 1435.2094726563 -10.5124683380 1679.3148369452 1253.1248808714 858.0000000000
15:30:57.625 698.0660400391 1435.2094726563 -10.5124683380 1679.3148369452 1253.1248808714 858.0000000000
15:30:57.656 698.0660400391 1435.2094726563 -10.7514705658 1675.5994220225 1249.5929671852 855.0000000000
15:30:57.687 698.0660400391 1435.2094726563 -10.9817190170 1657.1752293602 1249.0950912801 837.0000000000
15:30:57.718 698.0660400391 1435.2094726563 -10.9817190170 1667.9737975102 1246.9996376515 848.0000000000
15:30:57.750 698.0660400391 1435.2094726563 -11.2189712524 1674.0523745765 1241.6231229532 855.0000000000
15:30:57.781 698.0660400391 1435.2094726563 -11.4606018066 1673.2272961695 1237.5088794923 855.0000000000
15:30:57.812 698.0660400391 1435.2094726563 -11.4606018066 1736.9312978264 1224.5937653659 920.0000000000
15:30:57.843 698.0660400391 1435.2094726563 -11.6899747849 1699.8472583651 1227.9333510112 883.0000000000
15:30:57.875 698.0660400391 1435.2094726563 -11.9289779663 1698.9739150841 1223.7563438833 883.0000000000
15:30:57.906 698.0660400391 1435.2094726563 -11.9289779663 1757.6781892804 1211.3544008467 943.0000000000
15:30:57.937 698.0660400391 1435.2094726563 -12.1530990601 1769.5030932145 1204.4744708090 956.0000000000
15:30:57.968 698.0660400391 1435.2094726563 -12.3824720383 1712.8967436966 1212.4099149618 899.0000000000
15:30:58.000 698.0660400391 1435.2094726563 -12.3824720383 1741.2221435101 1206.1912555073 928.0000000000
15:30:58.031 698.0660400391 1435.2094726563 -12.6276035309 1741.2085904832 1201.5117631090 929.0000000000
15:30:58.062 698.0660400391 1435.2094726563 -12.8569765091 1740.2646687819 1197.3376200941 929.0000000000
15:30:58.093 698.0660400391 1435.2094726563 -12.8569765091 1740.2646687819 1197.3376200941 929.0000000000
15:30:58.125 698.0660400391 1435.2094726563 -13.0959796906 1704.1996401642 1201.1492695156 893.0000000000
15:30:58.156 698.0660400391 1435.2094726563 -13.0959796906 1704.1996401642 1201.1492695156 893.0000000000
15:30:58.187 698.0660400391 1435.2094726563 -13.3209753036 1703.2727505693 1197.2000839758 893.0000000000
15:30:58.218 698.0660400391 1435.2094726563 -13.5599775314 1702.2711813711 1193.0090719187 893.0000000000
15:30:58.250 698.0660400391 1435.2094726563 -13.5599775314 1694.4941812446 1194.8847768615 885.0000000000
15:30:58.281 698.0660400391 1435.2094726563 -13.7937288284 1701.2747148470 1188.9142132925 893.0000000000
15:30:58.312 698.0660400391 1435.2094726563 -14.0187244415 1723.5850006381 1179.1628725092 917.0000000000
15:30:58.343 698.0660400391 1435.2094726563 -14.0187244415 1704.1806683656 1184.0076520768 897.0000000000
15:30:58.375 698.0660400391 1435.2094726563 -14.2656068802 1703.0889252130 1179.6747386733 897.0000000000
15:30:58.406 698.0660400391 1435.2094726563 -14.4932298660 1697.2249298417 1176.9353684117 892.0000000000
15:30:58.437 698.0660400391 1435.2094726563 -14.4932298660 1685.6068032161 1179.9385556704 880.0000000000
15:30:58.468 698.0660400391 1435.2094726563 -14.7226028442 1684.5769629799 1175.9871763283 880.0000000000
15:30:58.500 698.0660400391 1435.2094726563 -14.9607305527 1667.0673381039 1176.2780447764 863.0000000000
15:30:58.531 698.0660400391 1435.2094726563 -14.9607305527 1667.0673381039 1176.2780447764 863.0000000000
15:30:58.562 698.0660400391 1435.2094726563 -15.1901035309 1683.3941041000 1167.6845090193 881.0000000000
15:30:58.593 698.0660400391 1435.2094726563 -15.4194765091 1691.9552757156 1161.0832477137 891.0000000000
15:30:58.625 698.0660400391 1435.2094726563 -15.4194765091 1691.9552757156 1161.0832477137 891.0000000000
15:30:58.656 698.0660400391 1435.2094726563 -15.6637325287 1690.7776281383 1156.8487303657 891.0000000000
15:30:58.687 698.0660400391 1435.2094726563 -15.9036102295 1676.1393941704 1156.5313179089 877.0000000000
15:30:58.718 698.0660400391 1435.2094726563 -15.9036102295 1669.4073258529 1158.4494566338 870.0000000000
15:30:58.750 698.0660400391 1435.2094726563 -16.1329841614 1675.0159188303 1152.6180107807 877.0000000000
15:30:58.781 698.0660400391 1435.2094726563 -16.3579788208 1667.1820359010 1150.7552820390 870.0000000000
15:30:58.812 698.0660400391 1435.2094726563 -16.3579788208 1640.3154538374 1158.6411407888 842.0000000000
15:30:58.843 698.0660400391 1435.2094726563 -16.5873508453 1665.0771329972 1147.1633893796 869.0000000000
15:30:58.875 698.0660400391 1435.2094726563 -16.5873508453 1655.4932767736 1150.0181573011 859.0000000000
15:30:58.906 698.0660400391 1435.2094726563 -16.8272304535 1647.5906077057 1148.0386256109 852.0000000000
15:30:58.937 698.0660400391 1435.2094726563 -17.0653572083 1653.0806953204 1142.0405653810 859.0000000000
15:30:58.968 698.0660400391 1435.2094726563 -17.0653572083 1654.9926365723 1141.4536406417 861.0000000000
15:30:59.000 698.0660400391 1435.2094726563 -17.2894783020 1645.2429097064 1140.3875305245 852.0000000000
15:30:59.031 698.0660400391 1435.2094726563 -17.5302314758 1643.9957287576 1136.4101687816 852.0000000000
15:30:59.062 698.0660400391 1435.2094726563 -17.5302314758 1625.8781238326 1142.1331393195 833.0000000000
15:30:59.093 698.0660400391 1435.2094726563 -17.7692356110 1612.2676997009 1142.2328089663 820.0000000000
15:30:59.125 698.0660400391 1435.2094726563 -17.9942302704 1623.4743037592 1134.6291249390 833.0000000000
15:30:59.156 698.0660400391 1435.2094726563 -17.9942302704 1631.0830047970 1132.1577551736 841.0000000000
15:30:59.187 698.0660400391 1435.2094726563 -18.2367362976 1617.4449456390 1132.2797317372 828.0000000000
15:30:59.218 698.0660400391 1435.2094726563 -18.4617309570 1616.2482859782 1128.6717698570 828.0000000000
15:30:59.250 698.0660400391 1435.2094726563 -18.4617309570 1614.3512152222 1129.3051122182 826.0000000000
15:30:59.281 698.0660400391 1435.2094726563 -18.7059879303 1608.3029117770 1127.0052589861 821.0000000000
15:30:59.312 698.0660400391 1435.2094726563 -18.9309825897 1611.8151606563 1121.8110926882 826.0000000000
15:30:59.343 698.0660400391 1435.2094726563 -18.9309825897 1607.0856103425 1123.4332375121 821.0000000000
15:30:59.375 698.0660400391 1435.2094726563 -19.1603565216 1605.8301861570 1119.7966399780 821.0000000000
15:30:59.406 698.0660400391 1435.2094726563 -19.4002342224 1605.4449307147 1115.6667544609 822.0000000000
15:30:59.437 698.0660400391 1435.2094726563 -19.4002342224 1604.5017094146 1115.9989194486 821.0000000000
15:30:59.468 698.0660400391 1435.2094726563 -19.6296062469 1584.3788749240 1119.0915220212 801.0000000000
15:30:59.500 698.0660400391 1435.2094726563 -19.6296062469 1584.3788749240 1119.0915220212 801.0000000000
15:30:59.531 698.0660400391 1435.2094726563 -19.8677349091 1573.6526002850 1118.8091320873 791.0000000000
15:30:59.562 698.0660400391 1435.2094726563 -20.0979843140 1570.4958313690 1115.9803085821 789.0000000000
15:30:59.593 698.0660400391 1435.2094726563 -20.0979843140 1572.3740440522 1115.2930552687 791.0000000000
15:30:59.625 698.0660400391 1435.2094726563 -20.3422393799 1575.6904467625 1109.8306154470 796.0000000000
15:30:59.656 698.0660400391 1435.2094726563 -20.5689868927 1574.3958937820 1106.3599821072 796.0000000000
15:30:59.687 698.0660400391 1435.2094726563 -20.7966098785 1573.0825381384 1102.8811289216 796.0000000000
15:30:59.718 698.0660400391 1435.2094726563 -20.7966098785 1567.4734580224 1105.0114388173 790.0000000000
15:30:59.750 698.0660400391 1435.2094726563 -21.0364875793 1560.4833049639 1103.5282082547 784.0000000000
15:30:59.781 698.0660400391 1435.2094726563 -21.0364875793 1560.4833049639 1103.5282082547 784.0000000000
15:30:59.812 698.0660400391 1435.2094726563 -21.2649841309 1564.7451781546 1097.9154294969 790.0000000000
15:30:59.843 698.0660400391 1435.2094726563 -21.5039882660 1563.3306504186 1094.3031013162 790.0000000000
15:30:59.875 698.0660400391 1435.2094726563 -21.5039882660 1563.3306504186 1094.3031013162 790.0000000000
15:30:59.906 698.0660400391 1435.2094726563 -21.7342376709 1556.3802288523 1093.0505135782 784.0000000000
15:30:59.937 698.0660400391 1435.2094726563 -21.9732418060 1554.9454803984 1089.4731212481 784.0000000000
15:30:59.968 698.0660400391 1435.2094726563 -21.9732418060 1559.5822739068 1087.6022535456 789.0000000000
15:31:00.000 698.0660400391 1435.2094726563 -22.2026138306 1553.5545324514 1086.0455579320 784.0000000000
15:31:00.031 698.0660400391 1435.2094726563 -22.4328632355 1546.5985109608 1084.9001153919 778.0000000000
15:31:00.062 698.0660400391 1435.2094726563 -22.4328632355 1546.5985109608 1084.9001153919 778.0000000000
15:31:00.093 698.0660400391 1435.2094726563 -22.6762428284 1537.7212405689 1084.3830993335 770.0000000000
15:31:00.125 698.0660400391 1435.2094726563 -22.9012374878 1536.3371109104 1081.0885727705 770.0000000000
15:31:00.156 698.0660400391 1435.2094726563 -22.9012374878 1536.3371109104 1081.0885727705 770.0000000000
15:31:00.187 698.0660400391 1435.2094726563 -23.1402416229 1534.8526388340 1077.5948923147 770.0000000000
15:31:00.218 698.0660400391 1435.2094726563 -23.3687400818 1521.4861780929 1079.4170103372 757.0000000000
15:31:00.250 698.0660400391 1435.2094726563 -23.3687400818 1521.4861780929 1079.4170103372 757.0000000000
15:31:00.281 698.0660400391 1435.2094726563 -23.6156215668 1527.2754948511 1072.6675026087 765.0000000000
15:31:00.312 698.0660400391 1435.2094726563 -23.8502464294 1515.7232861484 1073.7227815034 754.0000000000
15:31:00.343 698.0660400391 1435.2094726563 -23.8502464294 1521.2109186726 1071.2966963279 760.0000000000
15:31:00.375 698.0660400391 1435.2094726563 -24.0787448883 1514.2751605859 1070.4648064418 754.0000000000
15:31:00.406 698.0660400391 1435.2094726563 -24.0787448883 1513.3621749924 1070.8727982384 753.0000000000
15:31:00.437 698.0660400391 1435.2094726563 -24.3072414398 1511.9027145959 1067.6242891383 753.0000000000
15:31:00.468 698.0660400391 1435.2094726563 -24.5374908447 1501.3220683271 1068.5096594375 743.0000000000
15:31:00.500 698.0660400391 1435.2094726563 -24.7756175995 1498.8831398618 1065.5934927160 742.0000000000
15:31:00.531 698.0660400391 1435.2094726563 -24.7756175995 1499.7910957573 1065.1744269791 743.0000000000
15:31:00.562 698.0660400391 1435.2094726563 -25.0049915314 1499.2095736822 1061.5451333120 744.0000000000
15:31:00.593 698.0660400391 1435.2094726563 -25.0049915314 1499.2095736822 1061.5451333120 744.0000000000
15:31:00.625 698.0660400391 1435.2094726563 -25.2466220856 1518.4296653829 1048.3599900298 767.0000000000
15:31:00.656 698.0660400391 1435.2094726563 -25.4759941101 1519.5827191513 1043.7885407479 770.0000000000
15:31:00.687 698.0660400391 1435.2094726563 -25.4759941101 1507.8467665925 1049.3802683466 757.0000000000
15:31:00.718 698.0660400391 1435.2094726563 -25.7132453918 1508.0441345143 1045.1626979408 759.0000000000
15:31:00.750 698.0660400391 1435.2094726563 -25.9417438507 1504.6836926653 1042.8104888815 757.0000000000
15:31:00.781 698.0660400391 1435.2094726563 -25.9417438507 1486.6989066535 1051.5596301028 737.0000000000
15:31:00.812 698.0660400391 1435.2094726563 -26.1719913483 1487.8432388746 1047.0703530158 740.0000000000
15:31:00.843 698.0660400391 1435.2094726563 -26.4109954834 1495.1735493605 1039.3311850739 750.0000000000
15:31:00.875 698.0660400391 1435.2094726563 -26.4109954834 1483.5304059659 1045.1136769150 737.0000000000
15:31:00.906 698.0660400391 1435.2094726563 -26.6412448883 1481.9564249220 1041.9603601540 737.0000000000
15:31:00.937 698.0660400391 1435.2094726563 -26.8811225891 1450.8689250370 1053.6025854873 704.0000000000
15:31:00.968 698.0660400391 1435.2094726563 -26.8811225891 1450.8689250370 1053.6025854873 704.0000000000
15:31:01.000 698.0660400391 1435.2094726563 -27.1227531433 1449.2529042815 1050.4312313464 704.0000000000
15:31:01.031 698.0660400391 1435.2094726563 -27.3495006561 1449.5007108226 1046.5426030360 706.0000000000
15:31:01.062 698.0660400391 1435.2094726563 -27.3495006561 1449.5007108226 1046.5426030360 706.0000000000
15:31:01.093 698.0660400391 1435.2094726563 -27.5788726807 1450.5978677325 1042.1486016651 709.0000000000
15:31:01.125 698.0660400391 1435.2094726563 -27.5788726807 1447.9387446664 1043.5375093364 706.0000000000
15:31:01.156 698.0660400391 1435.2094726563 -27.8178768158 1446.2984012908 1040.4129002653 706.0000000000
15:31:01.187 698.0660400391 1435.2094726563 -28.0472488403 1444.7119218399 1037.4206754462 706.0000000000
15:31:01.218 698.0660400391 1435.2094726563 -28.0472488403 1440.2991211200 1039.7716730657 701.0000000000
15:31:01.250 698.0660400391 1435.2094726563 -28.2871284485 1434.2341266477 1039.0371007586 696.0000000000
15:31:01.281 698.0660400391 1435.2094726563 -28.5173759460 1432.6361376132 1036.0819595155 696.0000000000
15:31:01.312 698.0660400391 1435.2094726563 -28.5173759460 1434.3934823442 1035.1271090056 698.0000000000
15:31:01.343 698.0660400391 1435.2094726563 -28.7563800812 1430.9648273170 1033.0212485590 696.0000000000
15:31:01.375 698.0660400391 1435.2094726563 -28.9848785400 1429.3550564398 1030.1016172799 696.0000000000
15:31:01.406 698.0660400391 1435.2094726563 -28.9848785400 1423.2318230489 1033.4936687005 689.0000000000
15:31:01.437 698.0660400391 1435.2094726563 -29.2142486572 1421.6178422389 1030.5938655309 689.0000000000
15:31:01.468 698.0660400391 1435.2094726563 -29.4444980621 1419.9860118091 1027.6894678031 689.0000000000
15:31:01.500 698.0660400391 1435.2094726563 -29.4444980621 1417.3735149270 1029.1642084721 686.0000000000
15:31:01.531 698.0660400391 1435.2094726563 -29.6887531281 1395.6552292865 1037.4930874755 663.0000000000
15:31:01.562 698.0660400391 1435.2094726563 -29.9198760986 1394.0452271090 1034.6823560191 663.0000000000
15:31:01.593 698.0660400391 1435.2094726563 -29.9198760986 1393.1785033393 1035.1811444583 662.0000000000
15:31:01.625 698.0660400391 1435.2094726563 -30.1518764496 1391.5530266170 1032.3698030069 662.0000000000
15:31:01.656 698.0660400391 1435.2094726563 -30.3821258545 1398.5552906388 1024.5285627149 672.0000000000
15:31:01.687 698.0660400391 1435.2094726563 -30.3821258545 1403.7313195842 1021.4939747104 678.0000000000
15:31:01.718 698.0660400391 1435.2094726563 -30.6114978790 1402.0694433547 1018.6723097091 678.0000000000
15:31:01.750 698.0660400391 1435.2094726563 -30.8557510376 1412.3058022107 1008.4946239236 692.0000000000
15:31:01.781 698.0660400391 1435.2094726563 -30.8557510376 1407.1550346951 1011.5718944673 686.0000000000
15:31:01.812 698.0660400391 1435.2094726563 -31.0789966583 1405.4990070615 1008.8122433432 686.0000000000
15:31:01.843 698.0660400391 1435.2094726563 -31.0789966583 1405.4990070615 1008.8122433432 686.0000000000
15:31:01.875 698.0660400391 1435.2094726563 -31.3241291046 1403.6682536710 1005.7894962767 686.0000000000
15:31:01.906 698.0660400391 1435.2094726563 -31.5561294556 1401.9236795004 1002.9359211083 686.0000000000
15:31:01.937 698.0660400391 1435.2094726563 -31.5561294556 1401.9236795004 1002.9359211083 686.0000000000
15:31:01.968 698.0660400391 1435.2094726563 -31.7837524414 1396.8006375701 1002.2499338894 682.0000000000
15:31:02.000 698.0660400391 1435.2094726563 -32.0227546692 1394.9885267542 999.3390245792 682.0000000000
15:31:02.031 698.0660400391 1435.2094726563 -32.0227546692 1394.9885267542 999.3390245792 682.0000000000
15:31:02.062 698.0660400391 1435.2094726563 -32.2512512207 1391.5532981831 997.6304251827 680.0000000000
15:31:02.093 698.0660400391 1435.2094726563 -32.4902534485 1389.7219633691 994.7414446241 680.0000000000
15:31:02.125 698.0660400391 1435.2094726563 -32.4902534485 1396.4698260357 990.4441955701 688.0000000000
15:31:02.156 698.0660400391 1435.2094726563 -32.7205009460 1397.2008204016 986.0195808695 691.0000000000
15:31:02.187 698.0660400391 1435.2094726563 -32.9595031738 1395.3210033987 983.1071434581 691.0000000000
15:31:02.218 698.0660400391 1435.2094726563 -32.9595031738 1402.8725011968 978.2107283404 700.0000000000
15:31:02.250 698.0660400391 1435.2094726563 -33.1827507019 1415.3142987074 966.1637015069 717.0000000000
15:31:02.281 698.0660400391 1435.2094726563 -33.4243774414 1394.9683764398 975.2615043869 695.0000000000
15:31:02.312 698.0660400391 1435.2094726563 -33.4243774414 1413.3298751235 963.1431148037 717.0000000000
15:31:02.343 698.0660400391 1435.2094726563 -33.6633796692 1405.5283316860 964.0437842901 710.0000000000
15:31:02.375 698.0660400391 1435.2094726563 -33.8927497864 1403.6364672729 961.2154091818 710.0000000000
15:31:02.406 698.0660400391 1435.2094726563 -33.8927497864 1405.2966329840 960.1001290324 712.0000000000
15:31:02.437 698.0660400391 1435.2094726563 -34.1177482605 1405.0812205478 956.2047393539 714.0000000000
15:31:02.468 698.0660400391 1435.2094726563 -34.3611259460 1399.7381732250 955.4634799620 710.0000000000
15:31:02.500 698.0660400391 1435.2094726563 -34.3611259460 1403.0401597341 953.2058517610 714.0000000000
15:31:02.531 698.0660400391 1435.2094726563 -34.5904998779 1434.0341164128 927.6791872993 754.0000000000
15:31:02.562 698.0660400391 1435.2094726563 -34.5904998779 1434.0341164128 927.6791872993 754.0000000000
15:31:02.593 698.0660400391 1435.2094726563 -34.8233757019 1431.9652116897 924.6920823097 754.0000000000
15:31:02.625 698.0660400391 1435.2094726563 -35.0693817139 1429.7664886040 921.5457173011 754.0000000000
15:31:02.656 698.0660400391 1435.2094726563 -35.0693817139 1429.7664886040 921.5457173011 754.0000000000
15:31:02.687 698.0660400391 1435.2094726563 -35.2987518311 1434.2335008792 913.9979324964 762.0000000000
15:31:02.718 698.0660400391 1435.2094726563 -35.5272483826 1425.6383376544 915.7149570563 754.0000000000
15:31:02.750 698.0660400391 1435.2094726563 -35.5272483826 1425.6383376544 915.7149570563 754.0000000000
15:31:02.781 698.0660400391 1435.2094726563 -35.7522468567 1423.5926965841 912.8618196144 754.0000000000
15:31:02.812 698.0660400391 1435.2094726563 -35.9965019226 1431.0679483219 902.7207850305 766.0000000000
15:31:02.843 698.0660400391 1435.2094726563 -35.9965019226 1431.0679483219 902.7207850305 766.0000000000
15:31:02.875 698.0660400391 1435.2094726563 -36.2267494202 1448.2826165057 885.5958916830 790.0000000000
15:31:02.906 698.0660400391 1435.2094726563 -36.4578742981 1443.6465559503 884.3567752052 787.0000000000
15:31:02.937 698.0660400391 1435.2094726563 -36.4578742981 1443.6465559503 884.3567752052 787.0000000000
15:31:02.968 698.0660400391 1435.2094726563 -36.7003784180 1443.7137183660 879.4131612244 790.0000000000
15:31:03.000 698.0660400391 1435.2094726563 -36.9297485352 1456.6708334962 865.0167268769 809.0000000000
15:31:03.031 698.0660400391 1435.2094726563 -36.9297485352 1455.0720878830 866.2183975741 807.0000000000
15:31:03.062 698.0660400391 1435.2094726563 -37.1599998474 1452.7794091240 863.1808627774 807.0000000000
15:31:03.093 698.0660400391 1435.2094726563 -37.3990020752 1440.8536012188 867.3259996161 795.0000000000
15:31:03.125 698.0660400391 1435.2094726563 -37.3990020752 1434.4981996258 872.1848956421 787.0000000000
15:31:03.156 698.0660400391 1435.2094726563 -37.6274986267 1432.2469977025 869.2524765868 787.0000000000
15:31:03.187 698.0660400391 1435.2094726563 -37.8577461243 1424.4399757695 870.6026134285 780.0000000000
15:31:03.218 698.0660400391 1435.2094726563 -37.8577461243 1417.3341437896 876.1259413993 771.0000000000
15:31:03.250 698.0660400391 1435.2094726563 -38.0976257324 1422.0697833007 867.5664688777 780.0000000000
15:31:03.281 698.0660400391 1435.2094726563 -38.3366279602 1423.6175389161 861.4499215612 785.0000000000
15:31:03.312 698.0660400391 1435.2094726563 -38.3366279602 1423.6175389161 861.4499215612 785.0000000000
15:31:03.343 698.0660400391 1435.2094726563 -38.5660018921 1429.9155778151 851.6923314749 796.0000000000
15:31:03.375 698.0660400391 1435.2094726563 -38.5660018921 1435.3888115378 847.3284212310 803.0000000000
15:31:03.406 698.0660400391 1435.2094726563 -38.8050041199 1418.9030327869 855.5379882085 785.0000000000
15:31:03.437 698.0660400391 1435.2094726563 -39.0282478333 1425.1841625085 845.8070329158 796.0000000000
15:31:03.468 698.0660400391 1435.2094726563 -39.0282478333 1430.6220117150 841.3991086870 803.0000000000
15:31:03.500 698.0660400391 1435.2094726563 -39.2637481689 1428.1751178619 838.3931403762 803.0000000000
15:31:03.531 698.0660400391 1435.2094726563 -39.4939994812 1430.4009839699 831.6479348714 809.0000000000
15:31:03.562 698.0660400391 1435.2094726563 -39.4939994812 1430.4009839699 831.6479348714 809.0000000000
15:31:03.593 698.0660400391 1435.2094726563 -39.7338790894 1427.8676486111 828.5871749115 809.0000000000
15:31:03.625 698.0660400391 1435.2094726563 -39.9623756409 1432.3408288069 819.9009853303 818.0000000000
15:31:03.656 698.0660400391 1435.2094726563 -39.9623756409 1425.4426314176 825.6815452321 809.0000000000
15:31:03.687 698.0660400391 1435.2094726563 -40.2066307068 1422.8375786097 822.5862467878 809.0000000000
15:31:03.718 698.0660400391 1435.2094726563 -40.4307479858 1421.1969029569 819.1074071743 810.0000000000
15:31:03.750 698.0660400391 1435.2094726563 -40.4307479858 1447.0773759456 797.0574385149 844.0000000000
15:31:03.781 698.0660400391 1435.2094726563 -40.6592445374 1427.8373093505 808.4097482762 822.0000000000
15:31:03.812 698.0660400391 1435.2094726563 -40.8999977112 1427.4646630240 803.3846165584 825.0000000000
15:31:03.843 698.0660400391 1435.2094726563 -40.8999977112 1425.1971025380 805.3488389090 822.0000000000
15:31:03.875 698.0660400391 1435.2094726563 -41.1460037231 1416.4617468289 807.4964741758 814.0000000000
15:31:03.906 698.0660400391 1435.2094726563 -41.3639984131 1414.0682774777 804.7677259593 814.0000000000
15:31:03.937 698.0660400391 1435.2094726563 -41.3639984131 1407.3135393886 810.7152896074 805.0000000000
15:31:03.968 698.0660400391 1435.2094726563 -41.6030006409 1404.7023764467 807.7621935453 805.0000000000
15:31:04.000 698.0660400391 1435.2094726563 -41.8428802490 1403.5592183513 803.4750542886 807.0000000000
15:31:04.031 698.0660400391 1435.2094726563 -41.8428802490 1402.0692644373 804.8092346865 805.0000000000
15:31:04.062 698.0660400391 1435.2094726563 -42.0669975281 1397.3709355242 804.0702937535 802.0000000000
15:31:04.093 698.0660400391 1435.2094726563 -42.3112525940 1395.4135070258 800.4217047506 803.0000000000
15:31:04.125 698.0660400391 1435.2094726563 -42.3112525940 1396.1530059303 799.7485469903 804.0000000000
15:31:04.156 698.0660400391 1435.2094726563 -42.5432548523 1392.1006453781 798.2793614295 802.0000000000
15:31:04.187 698.0660400391 1435.2094726563 -42.5432548523 1393.5741795720 796.9270681997 804.0000000000
15:31:04.218 698.0660400391 1435.2094726563 -42.7761306763 1395.3782522008 790.0306766892 810.0000000000
15:31:04.250 698.0660400391 1435.2094726563 -43.0037536621 1392.8096088198 787.2655139429 810.0000000000
15:31:04.281 698.0660400391 1435.2094726563 -43.0037536621 1397.9287719582 782.4911900365 817.0000000000
15:31:04.312 698.0660400391 1435.2094726563 -43.2340011597 1401.8571897687 773.5191995242 826.0000000000
15:31:04.343 698.0660400391 1435.2094726563 -43.4782562256 1388.1454477513 780.8461094956 811.0000000000
15:31:04.375 698.0660400391 1435.2094726563 -43.4782562256 1388.1454477513 780.8461094956 811.0000000000
15:31:04.406 698.0660400391 1435.2094726563 -43.7032508850 1386.2934436895 777.4503671625 812.0000000000
15:31:04.437 698.0660400391 1435.2094726563 -43.9466323853 1382.7732217039 775.2268400271 811.0000000000
15:31:04.468 698.0660400391 1435.2094726563 -43.9466323853 1382.7732217039 775.2268400271 811.0000000000
15:31:04.500 698.0660400391 1435.2094726563 -44.1707496643 1377.3173466164 775.3408020039 807.0000000000
15:31:04.531 698.0660400391 1435.2094726563 -44.4018745422 1371.7921905092 775.4048999469 803.0000000000
15:31:04.562 698.0660400391 1435.2094726563 -44.4018745422 1371.7921905092 775.4048999469 803.0000000000
15:31:04.593 698.0660400391 1435.2094726563 -44.6408767700 1371.8801438309 769.7896401245 807.0000000000
15:31:04.625 698.0660400391 1435.2094726563 -44.8702468872 1369.2109005457 767.0975237952 807.0000000000
15:31:04.656 698.0660400391 1435.2094726563 -44.8702468872 1369.2109005457 767.0975237952 807.0000000000
15:31:04.687 698.0660400391 1435.2094726563 -45.1127548218 1367.0827860324 763.5543576039 808.0000000000
15:31:04.718 698.0660400391 1435.2094726563 -45.3377494812 1362.3313349454 763.0661709873 805.0000000000
15:31:04.750 698.0660400391 1435.2094726563 -45.3377494812 1364.4401136594 760.9323827280 808.0000000000
15:31:04.781 698.0660400391 1435.2094726563 -45.5820045471 1368.5584638323 750.9552000125 818.0000000000
15:31:04.812 698.0660400391 1435.2094726563 -45.8096275330 1362.3495714583 751.8820329317 813.0000000000
15:31:04.843 698.0660400391 1435.2094726563 -45.8096275330 1362.3495714583 751.8820329317 813.0000000000
15:31:04.875 698.0660400391 1435.2094726563 -46.0381240845 1361.7017133858 747.0788941633 816.0000000000
15:31:04.906 698.0660400391 1435.2094726563 -46.0381240845 1361.7017133858 747.0788941633 816.0000000000
15:31:04.937 698.0660400391 1435.2094726563 -46.2762527466 1358.8360304134 744.3266896777 816.0000000000
15:31:04.968 698.0660400391 1435.2094726563 -46.5047492981 1352.6340585665 745.3241857306 811.0000000000
15:31:05.000 698.0660400391 1435.2094726563 -46.5047492981 1352.6340585665 745.3241857306 811.0000000000
15:31:05.031 698.0660400391 1435.2094726563 -46.7446289063 1355.2220052751 736.7633134213 819.0000000000
15:31:05.062 698.0660400391 1435.2094726563 -46.9740028381 1349.6913155268 737.0622816278 815.0000000000
15:31:05.093 698.0660400391 1435.2094726563 -46.9740028381 1349.6913155268 737.0622816278 815.0000000000
15:31:05.125 698.0660400391 1435.2094726563 -47.2182540894 1349.4260400937 731.3549775195 819.0000000000
15:31:05.156 698.0660400391 1435.2094726563 -47.4493789673 1346.5814765664 728.7331966348 819.0000000000
15:31:05.187 698.0660400391 1435.2094726563 -47.4493789673 1343.8765112420 731.6799172856 815.0000000000
15:31:05.218 698.0660400391 1435.2094726563 -47.6822547913 1341.0117241931 729.0608712818 815.0000000000
15:31:05.250 698.0660400391 1435.2094726563 -47.9125022888 1338.1688279091 726.4828533195 815.0000000000
15:31:05.281 698.0660400391 1435.2094726563 -47.9125022888 1336.1580338110 728.7092196630 812.0000000000
15:31:05.312 698.0660400391 1435.2094726563 -48.1409988403 1333.3354319613 726.1701227735 812.0000000000
15:31:05.343 698.0660400391 1435.2094726563 -48.3800010681 1332.3648055693 721.2836529507 815.0000000000
15:31:05.375 698.0660400391 1435.2094726563 -48.3800010681 1332.3648055693 721.2836529507 815.0000000000
15:31:05.406 698.0660400391 1435.2094726563 -48.6102523804 1334.7800991889 712.7385688295 823.0000000000
15:31:05.437 698.0660400391 1435.2094726563 -48.8545074463 1333.6683096309 707.7716712704 826.0000000000
15:31:05.468 698.0660400391 1435.2094726563 -48.8545074463 1333.6683096309 707.7716712704 826.0000000000
15:31:05.500 698.0660400391 1435.2094726563 -49.0795021057 1330.8068425575 705.2813413832 826.0000000000
15:31:05.531 698.0660400391 1435.2094726563 -49.3185043335 1331.0158095011 698.8565753758 831.0000000000
15:31:05.562 698.0660400391 1435.2094726563 -49.3185043335 1323.8454207636 707.1983692688 820.0000000000
15:31:05.593 698.0660400391 1435.2094726563 -49.5426216125 1322.9396104048 702.4734894715 823.0000000000
15:31:05.625 698.0660400391 1435.2094726563 -49.5426216125 1320.9929637682 704.7561560858 820.0000000000
15:31:05.656 698.0660400391 1435.2094726563 -49.7807502747 1316.0145913296 704.4642448557 817.0000000000
15:31:05.687 698.0660400391 1435.2094726563 -50.0162544250 1313.0057809600 701.9304568434 817.0000000000
15:31:05.718 698.0660400391 1435.2094726563 -50.2465019226 1311.9725432677 697.1587933063 820.0000000000
15:31:05.750 698.0660400391 1435.2094726563 -50.2465019226 1308.1356276225 701.7716100522 814.0000000000
15:31:05.781 698.0660400391 1435.2094726563 -50.4890060425 1306.9345789693 696.8815629194 817.0000000000
15:31:05.812 698.0660400391 1435.2094726563 -50.4890060425 1305.0259001639 699.1960704735 814.0000000000
15:31:05.843 698.0660400391 1435.2094726563 -50.7253837585 1300.7181931191 698.2465276017 812.0000000000
15:31:05.875 698.0660400391 1435.2094726563 -50.9495010376 1297.8308972572 695.8948467753 812.0000000000
15:31:05.906 698.0660400391 1435.2094726563 -50.9495010376 1299.0909074614 694.3416647881 814.0000000000
15:31:05.937 698.0660400391 1435.2094726563 -51.1780014038 1296.1314928538 691.9506253191 814.0000000000
15:31:05.968 698.0660400391 1435.2094726563 -51.4222526550 1299.8169004026 680.8084506215 825.0000000000
15:31:06.000 698.0660400391 1435.2094726563 -51.4222526550 1294.8282922338 687.0625523586 817.0000000000
15:31:06.031 698.0660400391 1435.2094726563 -51.6472511292 1291.8857522797 684.7248629874 817.0000000000
15:31:06.062 698.0660400391 1435.2094726563 -51.8915061951 1291.7667714293 678.2659862967 822.0000000000
15:31:06.093 698.0660400391 1435.2094726563 -51.8915061951 1293.6182290116 675.9054556740 825.0000000000
15:31:06.125 698.0660400391 1435.2094726563 -52.1191291809 1290.5969965388 673.5454617007 825.0000000000
15:31:06.156 698.0660400391 1435.2094726563 -52.3607559204 1291.0437873562 666.3022017958 831.0000000000
15:31:06.187 698.0660400391 1435.2094726563 -52.3607559204 1292.2651627368 664.7184587044 833.0000000000
15:31:06.218 698.0660400391 1435.2094726563 -52.5857543945 1289.2348983158 662.3910069096 833.0000000000
15:31:06.250 698.0660400391 1435.2094726563 -52.8142509460 1289.1701970286 656.0561658000 838.0000000000
15:31:06.281 698.0660400391 1435.2094726563 -52.8142509460 1286.1481921360 660.0395671643 833.0000000000
15:31:06.312 698.0660400391 1435.2094726563 -53.0532531738 1281.1063426843 659.9907902919 830.0000000000
15:31:06.343 698.0660400391 1435.2094726563 -53.2922554016 1279.6607516120 655.1603771080 833.0000000000
15:31:06.375 698.0660400391 1435.2094726563 -53.2922554016 1277.8675510624 657.5654616780 830.0000000000
15:31:06.406 698.0660400391 1435.2094726563 -53.5172500610 1273.0256178625 657.7067499186 827.0000000000
15:31:06.437 698.0660400391 1435.2094726563 -53.5172500610 1273.0256178625 657.7067499186 827.0000000000
15:31:06.468 698.0660400391 1435.2094726563 -53.7588806152 1270.3327769721 654.4823873087 828.0000000000
15:31:06.500 698.0660400391 1435.2094726563 -53.9908790588 1267.1668236208 652.1716075935 828.0000000000
15:31:06.531 698.0660400391 1435.2094726563 -53.9908790588 1268.9305657187 649.7448373505 831.0000000000
15:31:06.562 698.0660400391 1435.2094726563 -54.2158775330 1264.0874818125 649.9428125668 828.0000000000
15:31:06.593 698.0660400391 1435.2094726563 -54.4601325989 1260.7347135736 647.5369748386 828.0000000000
15:31:06.625 698.0660400391 1435.2094726563 -54.4601325989 1260.7347135736 647.5369748386 828.0000000000
15:31:06.656 698.0660400391 1435.2094726563 -54.6842498779 1254.7589596444 649.4219738650 823.0000000000
15:31:06.687 698.0660400391 1435.2094726563 -54.9285049438 1250.2548595201 648.6927801217 821.0000000000
15:31:06.718 698.0660400391 1435.2094726563 -54.9285049438 1251.4040558145 647.0559087532 823.0000000000
15:31:06.750 698.0660400391 1435.2094726563 -55.1578750610 1247.6731265870 645.6678015510 822.0000000000
15:31:06.781 698.0660400391 1435.2094726563 -55.3977546692 1244.3627539879 643.3736940228 822.0000000000
15:31:06.812 698.0660400391 1435.2094726563 -55.3977546692 1244.3627539879 643.3736940228 822.0000000000
15:31:06.843 698.0660400391 1435.2094726563 -55.6227531433 1241.2490390081 641.2345173671 822.0000000000
15:31:06.875 698.0660400391 1435.2094726563 -55.8512496948 1238.0783421985 639.0746137838 822.0000000000
15:31:06.906 698.0660400391 1435.2094726563 -55.8512496948 1239.2010288973 637.4194477570 824.0000000000
15:31:06.937 698.0660400391 1435.2094726563 -56.0955047607 1239.1419605279 630.1400046831 830.0000000000
15:31:06.968 698.0660400391 1435.2094726563 -56.3240013123 1235.9270354844 627.9885923677 830.0000000000
15:31:07.000 698.0660400391 1435.2094726563 -56.3240013123 1235.9270354844 627.9885923677 830.0000000000
15:31:07.031 698.0660400391 1435.2094726563 -56.5647544861 1235.8363721939 620.7286135507 836.0000000000
15:31:07.062 698.0660400391 1435.2094726563 -56.7941246033 1229.8332448907 622.7658500955 831.0000000000
15:31:07.093 698.0660400391 1435.2094726563 -56.7941246033 1232.5714900238 618.5823092996 836.0000000000
15:31:07.125 698.0660400391 1435.2094726563 -57.0243759155 1226.5640385105 620.6354332915 831.0000000000
15:31:07.156 698.0660400391 1435.2094726563 -57.0243759155 1226.5640385105 620.6354332915 831.0000000000
15:31:07.187 698.0660400391 1435.2094726563 -57.2625045776 1231.2858724096 605.8286130013 846.0000000000
15:31:07.218 698.0660400391 1435.2094726563 -57.4918746948 1231.1858934726 598.6407535003 852.0000000000
15:31:07.250 698.0660400391 1435.2094726563 -57.4918746948 1226.8865398159 605.3872754290 844.0000000000
15:31:07.281 698.0660400391 1435.2094726563 -57.7317504883 1227.6788341683 596.4161201016 852.0000000000
15:31:07.312 698.0660400391 1435.2094726563 -57.9567451477 1227.0337002682 590.1046185542 857.0000000000
15:31:07.343 698.0660400391 1435.2094726563 -57.9567451477 1227.0337002682 590.1046185542 857.0000000000
15:31:07.375 698.0660400391 1435.2094726563 -58.2027549744 1223.4002244302 587.8411969312 857.0000000000
15:31:07.406 698.0660400391 1435.2094726563 -58.4268722534 1222.1760069199 582.3849053440 861.0000000000
15:31:07.437 698.0660400391 1435.2094726563 -58.4268722534 1220.0816613979 585.7927957229 857.0000000000
15:31:07.468 698.0660400391 1435.2094726563 -58.6693801880 1218.5616903109 580.1742230652 861.0000000000
15:31:07.500 698.0660400391 1435.2094726563 -58.8987503052 1213.0683890558 581.5224219741 857.0000000000
15:31:07.531 698.0660400391 1435.2094726563 -58.8987503052 1213.0683890558 581.5224219741 857.0000000000
15:31:07.562 698.0660400391 1435.2094726563 -59.1272468567 1212.7385829740 574.3255237154 863.0000000000
15:31:07.593 698.0660400391 1435.2094726563 -59.3627433777 1211.7438543101 567.9153454302 868.0000000000
15:31:07.625 698.0660400391 1435.2094726563 -59.3627433777 1206.1382432417 577.3798646757 857.0000000000
15:31:07.656 698.0660400391 1435.2094726563 -59.5912437439 1207.2686057651 567.5985304401 866.0000000000
15:31:07.687 698.0660400391 1435.2094726563 -59.8354949951 1204.5703434431 563.7065233621 868.0000000000
15:31:07.718 698.0660400391 1435.2094726563 -59.8354949951 1204.5703434431 563.7065233621 868.0000000000
15:31:07.750 698.0660400391 1435.2094726563 -60.0683708191 1201.0239894838 561.6550661734 868.0000000000
15:31:07.781 698.0660400391 1435.2094726563 -60.2959938049 1196.0630401145 562.2696191090 865.0000000000
15:31:07.812 698.0660400391 1435.2094726563 -60.2959938049 1195.5675207114 563.1382159782 864.0000000000
15:31:07.843 698.0660400391 1435.2094726563 -60.5341224670 1191.9387935666 561.0780733127 864.0000000000
15:31:07.875 698.0660400391 1435.2094726563 -60.7634925842 1188.9238827062 558.2353691120 865.0000000000
15:31:07.906 698.0660400391 1435.2094726563 -60.7634925842 1188.9238827062 558.2353691120 865.0000000000
15:31:07.937 698.0660400391 1435.2094726563 -61.0024948120 1191.0786926560 545.6997625604 877.0000000000
15:31:07.968 698.0660400391 1435.2094726563 -61.0024948120 1189.6243780465 548.3236850091 874.0000000000
15:31:08.000 698.0660400391 1435.2094726563 -61.2327423096 1186.0563998032 546.3554864626 874.0000000000
15:31:08.031 698.0660400391 1435.2094726563 -61.4743728638 1182.3035530641 544.3054200364 874.0000000000
15:31:08.062 698.0660400391 1435.2094726563 -61.4743728638 1181.3484494881 546.0626272408 872.0000000000
15:31:08.093 698.0660400391 1435.2094726563 -61.7081222534 1177.7169884484 544.0983866041 872.0000000000
15:31:08.125 698.0660400391 1435.2094726563 -61.9357452393 1177.9367243799 535.1405162394 880.0000000000
15:31:08.156 698.0660400391 1435.2094726563 -61.9357452393 1174.1730327380 542.1998806035 872.0000000000
15:31:08.187 698.0660400391 1435.2094726563 -62.1659927368 1170.1136587521 541.1781277569 871.0000000000
15:31:08.218 698.0660400391 1435.2094726563 -62.4049949646 1166.3802219588 539.2168236864 871.0000000000
15:31:08.250 698.0660400391 1435.2094726563 -62.4049949646 1166.8434407342 538.3305797211 872.0000000000
15:31:08.281 698.0660400391 1435.2094726563 -62.6282386780 1163.3453480587 536.5108771728 872.0000000000
15:31:08.312 698.0660400391 1435.2094726563 -62.8724937439 1159.5099301162 534.5355381463 872.0000000000
15:31:08.343 698.0660400391 1435.2094726563 -62.8724937439 1160.8778467864 531.8655561270 875.0000000000
15:31:08.375 698.0660400391 1435.2094726563 -63.1027374268 1157.2440228443 530.0130408791 875.0000000000
15:31:08.406 698.0660400391 1435.2094726563 -63.3329849243 1156.7443558212 521.9197034010 882.0000000000
15:31:08.437 698.0660400391 1435.2094726563 -63.3329849243 1154.5003327498 526.3878529570 877.0000000000
15:31:08.468 698.0660400391 1435.2094726563 -63.5772399902 1149.7318583927 526.2413827180 875.0000000000
15:31:08.500 698.0660400391 1435.2094726563 -63.8057365417 1146.5447119774 523.5500621243 876.0000000000
15:31:08.531 698.0660400391 1435.2094726563 -63.8057365417 1146.1032959617 524.4473646937 875.0000000000
15:31:08.562 698.0660400391 1435.2094726563 -64.0351104736 1140.7023527088 526.2572766078 871.0000000000
15:31:08.593 698.0660400391 1435.2094726563 -64.2644805908 1137.0600401838 524.4925749147 871.0000000000
15:31:08.625 698.0660400391 1435.2094726563 -64.2644805908 1138.7969106097 520.8893428761 875.0000000000
15:31:08.656 698.0660400391 1435.2094726563 -64.5087356567 1134.8951204742 519.0187968243 875.0000000000
15:31:08.687 698.0660400391 1435.2094726563 -64.5087356567 1140.0596022133 508.1869858785 887.0000000000
15:31:08.718 698.0660400391 1435.2094726563 -64.7363586426 1134.2393559615 510.9601348300 882.0000000000
15:31:08.750 698.0660400391 1435.2094726563 -64.9736099243 1130.4084810466 509.1619502803 882.0000000000
15:31:08.781 698.0660400391 1435.2094726563 -64.9736099243 1134.2158019557 501.0069329599 891.0000000000
15:31:08.812 698.0660400391 1435.2094726563 -65.2126083374 1129.4766665163 501.0114897010 889.0000000000
15:31:08.843 698.0660400391 1435.2094726563 -65.4419784546 1122.8240770463 505.6587155736 882.0000000000
15:31:08.875 698.0660400391 1435.2094726563 -65.4419784546 1125.3177641520 500.2014704244 888.0000000000
15:31:08.906 698.0660400391 1435.2094726563 -65.6757354736 1121.9114458785 497.5549136934 889.0000000000
15:31:08.937 698.0660400391 1435.2094726563 -65.9094848633 1118.0825832717 495.8335609968 889.0000000000
15:31:08.968 698.0660400391 1435.2094726563 -65.9094848633 1141.7569851255 442.8852588818 947.0000000000
15:31:09.000 698.0660400391 1435.2094726563 -66.1397247314 1137.3613068602 442.0248631584 946.0000000000
15:31:09.031 698.0660400391 1435.2094726563 -66.3690948486 1133.3818174404 440.2742114758 946.0000000000
15:31:09.062 698.0660400391 1435.2094726563 -66.3690948486 1135.7868769841 434.7773315798 952.0000000000
15:31:09.093 698.0660400391 1435.2094726563 -66.6098556519 1129.1972001359 438.4537740077 946.0000000000
15:31:09.125 698.0660400391 1435.2094726563 -66.8383560181 1114.9921475318 460.6466881801 920.0000000000
15:31:09.156 698.0660400391 1435.2094726563 -66.8383560181 1125.2186369608 436.7423179948 946.0000000000
15:31:09.187 698.0660400391 1435.2094726563 -67.0817337036 1122.5312357329 431.2526520512 950.0000000000
15:31:09.218 698.0660400391 1435.2094726563 -67.3067245483 1112.4128402005 444.3549277351 934.0000000000
15:31:09.250 698.0660400391 1435.2094726563 -67.3067245483 1114.3418290280 439.7420108593 939.0000000000
15:31:09.281 698.0660400391 1435.2094726563 -67.5509796143 1112.3854940979 432.4311372385 945.0000000000
15:31:09.312 698.0660400391 1435.2094726563 -67.7829818726 1108.3216552735 430.7616989202 945.0000000000
15:31:09.343 698.0660400391 1435.2094726563 -67.7829818726 1119.2870127314 403.9147077327 974.0000000000
15:31:09.375 698.0660400391 1435.2094726563 -68.0123519897 1115.1551035456 402.2367174019 974.0000000000
15:31:09.406 698.0660400391 1435.2094726563 -68.0123519897 1104.2973092533 429.1273905638 945.0000000000
15:31:09.437 698.0660400391 1435.2094726563 -68.2408523560 1101.0231612390 425.6578105463 947.0000000000
15:31:09.468 698.0660400391 1435.2094726563 -68.4789810181 1096.0901809104 425.8523588068 945.0000000000
15:31:09.500 698.0660400391 1435.2094726563 -68.4789810181 1096.0901809104 425.8523588068 945.0000000000
15:31:09.531 698.0660400391 1435.2094726563 -68.7092208862 1092.0309334010 424.2610749657 945.0000000000
15:31:09.562 698.0660400391 1435.2094726563 -68.9482269287 1081.7038112384 438.4918293369 928.0000000000
15:31:09.593 698.0660400391 1435.2094726563 -68.9482269287 1080.6261770496 441.2915979979 925.0000000000
15:31:09.625 698.0660400391 1435.2094726563 -69.1767196655 1077.7259104406 436.9698306857 928.0000000000
15:31:09.656 698.0660400391 1435.2094726563 -69.4236068726 1072.3666219952 438.1517640244 925.0000000000
15:31:09.687 698.0660400391 1435.2094726563 -69.4236068726 1072.3666219952 438.1517640244 925.0000000000
15:31:09.718 698.0660400391 1435.2094726563 -69.6512298584 1071.8799356999 427.2966929944 935.0000000000
15:31:09.750 698.0660400391 1435.2094726563 -69.8771057129 1070.6558487269 418.3191961481 943.0000000000
15:31:09.781 698.0660400391 1435.2094726563 -69.8771057129 1064.8072552387 434.2814627231 926.0000000000
15:31:09.812 698.0660400391 1435.2094726563 -70.1055984497 1066.5975885301 416.8414165186 943.0000000000
15:31:09.843 698.0660400391 1435.2094726563 -70.3437271118 1066.0620917254 404.9595486388 954.0000000000
15:31:09.875 698.0660400391 1435.2094726563 -70.3437271118 1066.0620917254 404.9595486388 954.0000000000
15:31:09.906 698.0660400391 1435.2094726563 -70.5836029053 1061.7456118477 403.4279216272 954.0000000000
15:31:09.937 698.0660400391 1435.2094726563 -70.8129730225 1043.8087969639 441.6472219498 912.0000000000
15:31:09.968 698.0660400391 1435.2094726563 -70.8129730225 1043.1514913424 443.5361235671 910.0000000000
15:31:10.000 698.0660400391 1435.2094726563 -71.0598602295 1038.8751857454 442.0583632082 910.0000000000
15:31:10.031 698.0660400391 1435.2094726563 -71.2796020508 1033.7799365752 444.5469773192 906.0000000000
15:31:10.062 698.0660400391 1435.2094726563 -71.2796020508 1028.6447335689 459.7005145328 890.0000000000
15:31:10.093 698.0660400391 1435.2094726563 -71.5212326050 1025.1617485492 456.4181785239 892.0000000000
15:31:10.125 698.0660400391 1435.2094726563 -71.7549819946 1024.6097596562 444.6448865875 903.0000000000
15:31:10.156 698.0660400391 1435.2094726563 -71.7549819946 1021.1658661607 455.0918764693 892.0000000000
15:31:10.187 698.0660400391 1435.2094726563 -71.9799728394 1020.0987734372 445.2721420059 901.0000000000
15:31:10.218 698.0660400391 1435.2094726563 -72.2242279053 1013.1280686000 452.4786253974 892.0000000000
15:31:10.250 698.0660400391 1435.2094726563 -72.2242279053 1013.1280686000 452.4786253974 892.0000000000
15:31:10.281 698.0660400391 1435.2094726563 -72.4492263794 1009.2665003875 451.2489686349 892.0000000000
15:31:10.312 698.0660400391 1435.2094726563 -72.4492263794 1010.1711528885 448.3886183325 895.0000000000
15:31:10.343 698.0660400391 1435.2094726563 -72.6891021729 1002.4663058129 458.5470549336 883.0000000000
15:31:10.375 698.0660400391 1435.2094726563 -72.9158477783 998.5988323346 457.3500549739 883.0000000000
15:31:10.406 698.0660400391 1435.2094726563 -72.9158477783 997.7175044979 460.2176778996 880.0000000000
15:31:10.437 698.0660400391 1435.2094726563 -73.1574783325 993.3133269040 459.9197518071 879.0000000000
15:31:10.468 698.0660400391 1435.2094726563 -73.3859786987 989.4214522211 458.7500399160 879.0000000000
15:31:10.500 698.0660400391 1435.2094726563 -73.3859786987 988.5636835886 461.6247978142 876.0000000000
15:31:10.531 698.0660400391 1435.2094726563 -73.6162261963 982.3923654556 468.1404261708 868.0000000000
15:31:10.562 698.0660400391 1435.2094726563 -73.8543472290 980.5954272614 459.2826591344 876.0000000000
15:31:10.593 698.0660400391 1435.2094726563 -73.8543472290 982.2639078946 453.5193118104 882.0000000000
15:31:10.625 698.0660400391 1435.2094726563 -74.0854797363 978.3014452696 452.3808417900 882.0000000000
15:31:10.656 698.0660400391 1435.2094726563 -74.3253555298 974.1842689844 451.2162187977 882.0000000000
15:31:10.687 698.0660400391 1435.2094726563 -74.3253555298 972.5632226305 456.9930872156 876.0000000000
15:31:10.718 698.0660400391 1435.2094726563 -74.5494689941 967.4027902313 460.7461767897 871.0000000000
15:31:10.750 698.0660400391 1435.2094726563 -74.7928543091 964.5725219480 454.7859442280 876.0000000000
15:31:10.781 698.0660400391 1435.2094726563 -74.7928543091 964.5725219480 454.7859442280 876.0000000000
15:31:10.812 698.0660400391 1435.2094726563 -75.0169754028 960.7354181367 453.7509672650 876.0000000000
15:31:10.843 698.0660400391 1435.2094726563 -75.2559738159 957.6571823841 448.7955439168 880.0000000000
15:31:10.875 698.0660400391 1435.2094726563 -75.2559738159 958.1661846240 446.8613989585 882.0000000000
15:31:10.906 698.0660400391 1435.2094726563 -75.4862213135 952.6886654568 451.6326741192 876.0000000000
15:31:10.937 698.0660400391 1435.2094726563 -75.7278518677 949.5245372354 446.6910741513 880.0000000000
15:31:10.968 698.0660400391 1435.2094726563 -75.7278518677 948.5384254816 450.5676168905 876.0000000000
15:31:11.000 698.0660400391 1435.2094726563 -75.9607238770 944.5344057868 449.5577366558 876.0000000000
15:31:11.031 698.0660400391 1435.2094726563 -75.9607238770 944.5344057868 449.5577366558 876.0000000000
15:31:11.062 698.0660400391 1435.2094726563 -76.1857223511 939.4680190254 453.4528406254 871.0000000000
15:31:11.093 698.0660400391 1435.2094726563 -76.4282226563 935.3106542557 452.4399203093 871.0000000000
15:31:11.125 698.0660400391 1435.2094726563 -76.4282226563 935.7799808912 450.4957668921 873.0000000000
15:31:11.156 698.0660400391 1435.2094726563 -76.6532211304 933.5271319320 442.7589327301 880.0000000000
15:31:11.187 698.0660400391 1435.2094726563 -76.8922195435 927.3442252729 450.5508953966 871.0000000000
15:31:11.218 698.0660400391 1435.2094726563 -76.8922195435 927.3442252729 450.5508953966 871.0000000000
15:31:11.250 698.0660400391 1435.2094726563 -77.1215896606 924.0691989943 446.7163911745 874.0000000000
15:31:11.281 698.0660400391 1435.2094726563 -77.3614654541 918.8347854010 450.6577162379 869.0000000000
15:31:11.312 698.0660400391 1435.2094726563 -77.3614654541 918.8347854010 450.6577162379 869.0000000000
15:31:11.343 698.0660400391 1435.2094726563 -77.6013412476 914.7109162201 449.7420720693 869.0000000000
15:31:11.375 698.0660400391 1435.2094726563 -77.8298416138 910.5682615873 449.8634391065 868.0000000000
15:31:11.406 698.0660400391 1435.2094726563 -77.8298416138 910.5682615873 449.8634391065 868.0000000000
15:31:11.437 698.0660400391 1435.2094726563 -78.0592117310 904.5529620401 458.8042539905 858.0000000000
15:31:11.468 698.0660400391 1435.2094726563 -78.2982177734 900.4781592199 457.9514033604 858.0000000000
15:31:11.500 698.0660400391 1435.2094726563 -78.2982177734 900.4781592199 457.9514033604 858.0000000000
15:31:11.531 698.0660400391 1435.2094726563 -78.5232086182 895.6442262630 462.0641287720 853.0000000000
15:31:11.562 698.0660400391 1435.2094726563 -78.7674636841 891.2990798675 462.2115321066 852.0000000000
15:31:11.593 698.0660400391 1435.2094726563 -78.7674636841 891.4938712383 461.2306874085 853.0000000000
15:31:11.625 698.0660400391 1435.2094726563 -78.9994659424 887.5484582005 460.4554456305 853.0000000000
15:31:11.656 698.0660400391 1435.2094726563 -78.9994659424 887.5484582005 460.4554456305 853.0000000000
15:31:11.687 698.0660400391 1435.2094726563 -79.2314682007 884.9078309405 452.8194558259 860.0000000000
15:31:11.718 698.0660400391 1435.2094726563 -79.4564590454 882.5125821526 444.2284066931 868.0000000000
15:31:11.750 698.0660400391 1435.2094726563 -79.4564590454 879.7678419425 458.9751487461 853.0000000000
15:31:11.781 698.0660400391 1435.2094726563 -79.7007141113 875.6044627313 458.2094171480 853.0000000000
15:31:11.812 698.0660400391 1435.2094726563 -79.9239578247 871.4464923453 459.4942381983 851.0000000000
15:31:11.843 698.0660400391 1435.2094726563 -79.9239578247 871.4464923453 459.4942381983 851.0000000000
15:31:11.875 698.0660400391 1435.2094726563 -80.1682128906 867.7976701501 455.8080361987 854.0000000000
15:31:11.906 698.0660400391 1435.2094726563 -80.3984603882 864.0273054774 454.1478750135 855.0000000000
15:31:11.937 698.0660400391 1435.2094726563 -80.3984603882 863.5269197524 457.1058496798 852.0000000000
15:31:11.968 698.0660400391 1435.2094726563 -80.6383361816 859.9185285574 453.4616578099 855.0000000000
15:31:12.000 698.0660400391 1435.2094726563 -80.8633270264 856.0621328036 452.8336613364 855.0000000000
15:31:12.031 698.0660400391 1435.2094726563 -80.8633270264 856.0621328036 452.8336613364 855.0000000000
15:31:12.062 698.0660400391 1435.2094726563 -81.1014556885 851.9778992021 452.1854955305 855.0000000000
15:31:12.093 698.0660400391 1435.2094726563 -81.3264465332 847.3625307294 456.5315083274 850.0000000000
15:31:12.125 698.0660400391 1435.2094726563 -81.3264465332 847.0609216573 458.5086355281 848.0000000000
15:31:12.156 698.0660400391 1435.2094726563 -81.5654525757 843.2787448918 455.9172433679 850.0000000000
15:31:12.187 698.0660400391 1435.2094726563 -81.7956924438 839.0569455969 457.3211536007 848.0000000000
15:31:12.218 698.0660400391 1435.2094726563 -81.7956924438 839.0569455969 457.3211536007 848.0000000000
15:31:12.250 698.0660400391 1435.2094726563 -82.0408248901 834.8719016064 456.7268942543 848.0000000000
15:31:12.281 698.0660400391 1435.2094726563 -82.2701950073 831.6262003603 451.2324995668 853.0000000000
15:31:12.312 698.0660400391 1435.2094726563 -82.2701950073 830.8191903282 457.1779797668 847.0000000000
15:31:12.343 698.0660400391 1435.2094726563 -82.4934387207 827.1380908991 455.6767240041 848.0000000000
15:31:12.375 698.0660400391 1435.2094726563 -82.7376937866 822.8347165673 456.1273630492 847.0000000000
15:31:12.406 698.0660400391 1435.2094726563 -82.7376937866 822.8347165673 456.1273630492 847.0000000000
15:31:12.437 698.0660400391 1435.2094726563 -82.9626846313 818.9890744765 455.6449675124 847.0000000000
15:31:12.468 698.0660400391 1435.2094726563 -82.9626846313 818.8665587375 456.6374340830 846.0000000000
15:31:12.500 698.0660400391 1435.2094726563 -83.2016906738 814.7834626896 456.1420371621 846.0000000000
15:31:12.531 698.0660400391 1435.2094726563 -83.4406890869 811.1553927650 451.6898753450 850.0000000000
15:31:12.562 698.0660400391 1435.2094726563 -83.4406890869 810.6984660873 455.6636918998 846.0000000000
15:31:12.593 698.0660400391 1435.2094726563 -83.6674423218 806.8209530407 455.2256111089 846.0000000000
15:31:12.625 698.0660400391 1435.2094726563 -83.9003143311 805.0684666385 433.9105758742 867.0000000000
15:31:12.656 698.0660400391 1435.2094726563 -83.9003143311 804.6434321734 437.8879299826 863.0000000000
15:31:12.687 698.0660400391 1435.2094726563 -84.1384429932 798.7613995595 454.3647119697 846.0000000000
15:31:12.718 698.0660400391 1435.2094726563 -84.3721923828 796.2300123626 439.0343703109 861.0000000000
15:31:12.750 698.0660400391 1435.2094726563 -84.3721923828 796.4261441754 437.0440104660 863.0000000000
15:31:12.781 698.0660400391 1435.2094726563 -84.5971832275 792.5057687860 436.6654637967 863.0000000000
15:31:12.812 698.0660400391 1435.2094726563 -84.8414382935 788.2480753798 436.2719368228 863.0000000000
15:31:12.843 698.0660400391 1435.2094726563 -84.8414382935 787.4388646938 445.2354840038 854.0000000000
15:31:12.875 698.0660400391 1435.2094726563 -85.0716857910 782.6007743063 454.8473565493 844.0000000000
15:31:12.906 698.0660400391 1435.2094726563 -85.3028106689 779.4643203894 444.5479159421 854.0000000000
15:31:12.937 698.0660400391 1435.2094726563 -85.3028106689 779.7099892436 441.5579917267 857.0000000000
15:31:12.968 698.0660400391 1435.2094726563 -85.5461959839 775.4883579482 441.2201444013 857.0000000000
15:31:13.000 698.0660400391 1435.2094726563 -85.7746887207 771.5237724909 440.9192929108 857.0000000000
15:31:13.031 698.0660400391 1435.2094726563 -85.7746887207 771.4500937222 441.9165749366 856.0000000000
15:31:13.062 698.0660400391 1435.2094726563 -86.0049362183 767.2488764176 444.6224067474 853.0000000000
15:31:13.093 698.0660400391 1435.2094726563 -86.2334365845 763.4948673384 441.3608581513 856.0000000000
15:31:13.125 698.0660400391 1435.2094726563 -86.2334365845 763.2977925574 444.3543780745 853.0000000000
15:31:13.156 698.0660400391 1435.2094726563 -86.4776840210 759.0732747006 444.0853041919 853.0000000000
15:31:13.187 698.0660400391 1435.2094726563 -86.7061843872 755.1201138517 443.8498846880 853.0000000000
15:31:13.218 698.0660400391 1435.2094726563 -86.7061843872 754.6030074425 452.8350169052 844.0000000000
15:31:13.250 698.0660400391 1435.2094726563 -86.9364318848 750.5479264880 454.6128932261 842.0000000000
15:31:13.281 698.0660400391 1435.2094726563 -86.9364318848 750.5479264880 454.6128932261 842.0000000000
15:31:13.312 698.0660400391 1435.2094726563 -87.1771850586 745.9838442746 463.3901046497 833.0000000000
15:31:13.343 698.0660400391 1435.2094726563 -87.4109344482 742.0187284542 463.2027025274 833.0000000000
15:31:13.375 698.0660400391 1435.2094726563 -87.4109344482 742.0187284542 463.2027025274 833.0000000000
15:31:13.406 698.0660400391 1435.2094726563 -87.6499404907 738.0046923534 462.0286549011 834.0000000000
15:31:13.437 698.0660400391 1435.2094726563 -87.8740615845 734.1976527829 461.8798745468 834.0000000000
15:31:13.468 698.0660400391 1435.2094726563 -87.8740615845 734.4202294527 455.8840043326 840.0000000000
15:31:13.500 698.0660400391 1435.2094726563 -88.1034317017 730.3008785686 461.7430298960 834.0000000000
15:31:13.531 698.0660400391 1435.2094726563 -88.3424301147 726.2399803609 461.6170378654 834.0000000000
15:31:13.562 698.0660400391 1435.2094726563 -88.3424301147 726.2399803609 461.6170378654 834.0000000000
15:31:13.593 698.0660400391 1435.2094726563 -88.5823059082 721.9410133225 470.5048620909 825.0000000000
15:31:13.625 698.0660400391 1435.2094726563 -88.8073043823 718.1524785158 470.4185445352 825.0000000000
15:31:13.656 698.0660400391 1435.2094726563 -88.8073043823 718.1524785158 470.4185445352 825.0000000000
15:31:13.687 698.0660400391 1435.2094726563 -89.0506820679 714.1038306363 467.3423385577 828.0000000000
15:31:13.718 698.0660400391 1435.2094726563 -89.2756729126 710.3030660602 467.2868232728 828.0000000000
15:31:13.750 698.0660400391 1435.2094726563 -89.2756729126 710.4674062857 454.2878620724 841.0000000000
15:31:13.781 698.0660400391 1435.2094726563 -89.5059204102 706.6202631056 443.2463557699 852.0000000000
15:31:13.812 698.0660400391 1435.2094726563 -89.7484283447 702.4216537039 443.2190348874 852.0000000000
15:31:13.843 698.0660400391 1435.2094726563 -89.7484283447 702.4479981414 437.2190927235 858.0000000000
15:31:13.875 698.0660400391 1435.2094726563 -89.9795532227 698.4200487092 443.2095358251 852.0000000000
15:31:13.906 698.0660400391 1435.2094726563 -90.2194290161 694.2669285912 443.2167475078 852.0000000000
15:31:13.937 698.0660400391 1435.2094726563 -90.2194290161 694.2669285912 443.2167475078 852.0000000000
15:31:13.968 698.0660400391 1435.2094726563 -90.4426727295 690.4790886217 453.2387815644 842.0000000000
15:31:14.000 698.0660400391 1435.2094726563 -90.4426727295 690.5331707601 460.2385726414 835.0000000000
15:31:14.031 698.0660400391 1435.2094726563 -90.6869277954 686.2929750652 453.2800480353 842.0000000000
15:31:14.062 698.0660400391 1435.2094726563 -90.9110488892 682.5157102363 457.3331066271 838.0000000000
15:31:14.093 698.0660400391 1435.2094726563 -90.9110488892 682.5157102363 457.3331066271 838.0000000000
15:31:14.125 698.0660400391 1435.2094726563 -91.1509246826 678.2410847186 448.4085955074 847.0000000000
15:31:14.156 698.0660400391 1435.2094726563 -91.3811721802 674.0828908916 440.4985555792 855.0000000000
15:31:14.187 698.0660400391 1435.2094726563 -91.3811721802 674.0828908916 440.4985555792 855.0000000000
15:31:14.218 698.0660400391 1435.2094726563 -91.6219253540 669.6769704784 432.6113174990 863.0000000000
15:31:14.250 698.0660400391 1435.2094726563 -91.8539276123 665.1322181436 417.7423413098 878.0000000000
15:31:14.281 698.0660400391 1435.2094726563 -91.8539276123 665.5527875784 430.7355365038 865.0000000000
15:31:14.312 698.0660400391 1435.2094726563 -92.0789184570 661.6086489738 430.8709547093 865.0000000000
15:31:14.343 698.0660400391 1435.2094726563 -92.3126678467 657.5115674262 431.0280474415 865.0000000000
15:31:14.375 698.0660400391 1435.2094726563 -92.3126678467 657.5115674262 431.0280474415 865.0000000000
15:31:14.406 698.0660400391 1435.2094726563 -92.5516738892 653.2785270785 430.2069459540 866.0000000000
15:31:14.437 698.0660400391 1435.2094726563 -92.7819213867 649.2887542315 431.3938638991 865.0000000000
15:31:14.468 698.0660400391 1435.2094726563 -92.7819213867 649.7255657462 440.3832574104 856.0000000000
15:31:14.500 698.0660400391 1435.2094726563 -93.0235519409 645.5305784469 440.5959671826 856.0000000000
15:31:14.531 698.0660400391 1435.2094726563 -93.2511749268 641.3527791286 436.8189648728 860.0000000000
15:31:14.562 698.0660400391 1435.2094726563 -93.2511749268 641.6930586940 442.8093079195 854.0000000000
15:31:14.593 698.0660400391 1435.2094726563 -93.4901733398 637.5539531854 443.0530901541 854.0000000000
15:31:14.625 698.0660400391 1435.2094726563 -93.7186737061 633.2084969023 437.3149396051 860.0000000000
15:31:14.656 698.0660400391 1435.2094726563 -93.7186737061 633.2084969023 437.3149396051 860.0000000000
15:31:14.687 698.0660400391 1435.2094726563 -93.9489135742 628.6481123476 429.6026154252 868.0000000000
15:31:14.718 698.0660400391 1435.2094726563 -94.1879196167 624.0887578291 424.9142872218 873.0000000000
15:31:14.750 698.0660400391 1435.2094726563 -94.1879196167 624.3808695061 428.9036068090 869.0000000000
15:31:14.781 698.0660400391 1435.2094726563 -94.4269180298 620.1839098008 429.2197243066 869.0000000000
15:31:14.812 698.0660400391 1435.2094726563 -94.4269180298 620.1839098008 429.2197243066 869.0000000000
15:31:14.843 698.0660400391 1435.2094726563 -94.6519165039 616.2340347528 429.5333205546 869.0000000000
15:31:14.875 698.0660400391 1435.2094726563 -94.8961715698 611.9475384660 429.8913122304 869.0000000000
15:31:14.906 698.0660400391 1435.2094726563 -94.8961715698 611.9475384660 429.8913122304 869.0000000000
15:31:14.937 698.0660400391 1435.2094726563 -95.1211624146 608.0004980398 430.2372351594 869.0000000000
15:31:14.968 698.0660400391 1435.2094726563 -95.3601608276 603.3421635433 425.6435326520 874.0000000000
15:31:15.000 698.0660400391 1435.2094726563 -95.3601608276 603.4355795951 426.6391598117 873.0000000000
15:31:15.031 698.0660400391 1435.2094726563 -95.5904083252 599.7730023703 431.0085571314 869.0000000000
15:31:15.062 698.0660400391 1435.2094726563 -95.8189086914 595.3634188317 427.4291535429 873.0000000000
15:31:15.093 698.0660400391 1435.2094726563 -95.8189086914 595.7689573162 431.4085427595 869.0000000000
15:31:15.125 698.0660400391 1435.2094726563 -96.0631637573 592.9693880057 445.7754456860 855.0000000000
15:31:15.156 698.0660400391 1435.2094726563 -96.2925338745 588.6804609906 443.2221768246 858.0000000000
15:31:15.187 698.0660400391 1435.2094726563 -96.2925338745 588.7900657792 444.2161520709 857.0000000000
15:31:15.218 698.0660400391 1435.2094726563 -96.5219039917 585.0509104617 446.6486093394 855.0000000000
15:31:15.250 698.0660400391 1435.2094726563 -96.7617797852 580.9131819585 447.1304232686 855.0000000000
15:31:15.281 698.0660400391 1435.2094726563 -96.7617797852 581.7373729199 454.0817331638 848.0000000000
15:31:15.312 698.0660400391 1435.2094726563 -96.9911499023 578.5408986238 460.5106778663 842.0000000000
15:31:15.343 698.0660400391 1435.2094726563 -97.2196502686 574.6546790316 460.9951040650 842.0000000000
15:31:15.375 698.0660400391 1435.2094726563 -97.2196502686 575.7857403850 469.9237489911 833.0000000000
15:31:15.406 698.0660400391 1435.2094726563 -97.4595260620 571.7455370170 470.4441485947 833.0000000000
15:31:15.437 698.0660400391 1435.2094726563 -97.6888961792 567.4829670995 467.9845448049 836.0000000000
15:31:15.468 698.0660400391 1435.2094726563 -97.6888961792 566.8139964389 463.0294990680 841.0000000000
15:31:15.500 698.0660400391 1435.2094726563 -97.9287719727 562.7450081615 463.5875202865 841.0000000000
15:31:15.531 698.0660400391 1435.2094726563 -98.1546478271 558.9156664043 464.1285421913 841.0000000000
15:31:15.562 698.0660400391 1435.2094726563 -98.1546478271 559.4830481520 468.0880974634 837.0000000000
15:31:15.593 698.0660400391 1435.2094726563 -98.3918991089 555.4795760068 468.6702337890 837.0000000000
15:31:15.625 698.0660400391 1435.2094726563 -98.3918991089 555.4795760068 468.6702337890 837.0000000000
15:31:15.656 698.0660400391 1435.2094726563 -98.6221466064 552.4961305914 475.1832222554 831.0000000000
15:31:15.687 698.0660400391 1435.2094726563 -98.8611450195 549.2630441446 480.7391125045 826.0000000000
15:31:15.718 698.0660400391 1435.2094726563 -98.8611450195 549.2630441446 480.7391125045 826.0000000000
15:31:15.750 698.0660400391 1435.2094726563 -99.0913925171 545.1126239519 479.3699189117 828.0000000000
15:31:15.781 698.0660400391 1435.2094726563 -99.3339004517 543.1767959520 492.8537425514 815.0000000000
15:31:15.812 698.0660400391 1435.2094726563 -99.3339004517 541.0683559801 480.0258635028 828.0000000000
15:31:15.843 698.0660400391 1435.2094726563 -99.5597763062 537.3039870075 480.6522128230 828.0000000000
15:31:15.875 698.0660400391 1435.2094726563 -99.8031539917 533.2507366332 481.3436981583 828.0000000000
15:31:15.906 698.0660400391 1435.2094726563 -99.8031539917 533.2507366332 481.3436981583 828.0000000000
15:31:15.937 698.0660400391 1435.2094726563 -100.0281448364 529.3322153509 481.0135303040 829.0000000000
15:31:15.968 698.0660400391 1435.2094726563 -100.2723999023 525.2659710307 481.7415203128 829.0000000000
15:31:16.000 698.0660400391 1435.2094726563 -100.2723999023 524.9093145415 479.7735782027 831.0000000000
15:31:16.031 698.0660400391 1435.2094726563 -100.4965209961 521.5376686704 482.4247466571 829.0000000000
15:31:16.062 698.0660400391 1435.2094726563 -100.7258911133 517.7248448332 483.1390691109 829.0000000000
15:31:16.093 698.0660400391 1435.2094726563 -100.7258911133 517.7248448332 483.1390691109 829.0000000000
15:31:16.125 698.0660400391 1435.2094726563 -100.9710235596 513.2725748967 481.9558992373 831.0000000000
15:31:16.156 698.0660400391 1435.2094726563 -101.1968917847 509.9045197415 484.6537182291 829.0000000000
15:31:16.187 698.0660400391 1435.2094726563 -101.1968917847 509.5161574705 482.6917868474 831.0000000000
15:31:16.218 698.0660400391 1435.2094726563 -101.4350204468 503.1799331480 471.7218467180 843.0000000000
15:31:16.250 698.0660400391 1435.2094726563 -101.4350204468 503.1799331480 471.7218467180 843.0000000000
15:31:16.281 698.0660400391 1435.2094726563 -101.6635208130 496.1044030043 456.8371012345 859.0000000000
15:31:16.312 698.0660400391 1435.2094726563 -101.8928909302 491.9832663716 456.6749099592 860.0000000000
15:31:16.343 698.0660400391 1435.2094726563 -102.1327667236 487.8883297152 457.5462739635 860.0000000000
15:31:16.375 698.0660400391 1435.2094726563 -102.1327667236 486.2069080326 449.7249683739 868.0000000000
15:31:16.406 698.0660400391 1435.2094726563 -102.3717727661 480.3838383213 442.8030745257 876.0000000000
15:31:16.437 698.0660400391 1435.2094726563 -102.3717727661 480.3838383213 442.8030745257 876.0000000000
15:31:16.468 698.0660400391 1435.2094726563 -102.5967636108 471.0363115346 419.2672979385 901.0000000000
15:31:16.500 698.0660400391 1435.2094726563 -102.8401412964 447.8332239032 337.3663428224 986.0000000000
15:31:16.531 698.0660400391 1435.2094726563 -102.8401412964 447.8332239032 337.3663428224 986.0000000000
15:31:16.562 698.0660400391 1435.2094726563 -103.0703887939 n/a n/a n/a
15:31:16.593 698.0660400391 1435.2094726563 -103.2953796387 n/a n/a n/a
15:31:16.625 698.0660400391 1435.2094726563 -103.2953796387 n/a n/a n/a
15:31:16.656 698.0660400391 1435.2094726563 -103.5343856812 n/a n/a n/a
15:31:16.687 698.0660400391 1435.2094726563 -103.7628784180 n/a n/a n/a
15:31:16.718 698.0660400391 1435.2094726563 -103.7628784180 n/a n/a n/a
15:31:16.750 698.0660400391 1435.2094726563 -104.0045166016 n/a n/a n/a
15:31:16.781 698.0660400391 1435.2094726563 -104.2400131226 n/a n/a n/a
15:31:16.812 698.0660400391 1435.2094726563 -104.2400131226 n/a n/a n/a
15:31:16.843 698.0660400391 1435.2094726563 -104.4720153809 n/a n/a n/a
15:31:16.875 698.0660400391 1435.2094726563 -104.7013854980 n/a n/a n/a
15:31:16.906 698.0660400391 1435.2094726563 -104.7013854980 n/a n/a n/a
15:31:16.937 698.0660400391 1435.2094726563 -104.9298782349 n/a n/a n/a
15:31:16.968 698.0660400391 1435.2094726563 -105.1697540283 n/a n/a n/a
15:31:17.000 698.0660400391 1435.2094726563 -105.1697540283 n/a n/a n/a
15:31:17.031 698.0660400391 1435.2094726563 -105.4096298218 n/a n/a n/a
15:31:17.062 698.0660400391 1435.2094726563 -105.6328811646 n/a n/a n/a
15:31:17.093 698.0660400391 1435.2094726563 -105.6328811646 n/a n/a n/a
15:31:17.125 698.0660400391 1435.2094726563 -105.8727569580 n/a n/a n/a
15:31:17.156 698.0660400391 1435.2094726563 -105.8727569580 n/a n/a n/a
15:31:17.187 698.0660400391 1435.2094726563 -106.1126327515 n/a n/a n/a
15:31:17.218 698.0660400391 1435.2094726563 -106.3428726196 n/a n/a n/a
15:31:17.250 698.0660400391 1435.2094726563 -106.3428726196 n/a n/a n/a
15:31:17.281 698.0660400391 1435.2094726563 -106.5713729858 n/a n/a n/a
15:31:17.312 698.0660400391 1435.2094726563 -106.8103790283 n/a n/a n/a
15:31:17.343 698.0660400391 1435.2094726563 -106.8103790283 n/a n/a n/a
15:31:17.375 698.0660400391 1435.2094726563 -107.0406188965 n/a n/a n/a
15:31:17.406 698.0660400391 1435.2094726563 -107.2796249390 n/a n/a n/a
15:31:17.437 698.0660400391 1435.2094726563 -107.2796249390 n/a n/a n/a
15:31:17.468 698.0660400391 1435.2094726563 -107.5089950562 n/a n/a n/a
15:31:17.500 698.0660400391 1435.2094726563 -107.7488708496 n/a n/a n/a
15:31:17.531 698.0660400391 1435.2094726563 -107.7488708496 n/a n/a n/a
15:31:17.562 698.0660400391 1435.2094726563 -107.9773712158 n/a n/a n/a
15:31:17.593 698.0660400391 1435.2094726563 -108.2067413330 n/a n/a n/a
15:31:17.625 698.0660400391 1435.2094726563 -108.2067413330 n/a n/a n/a
15:31:17.656 698.0660400391 1435.2094726563 -108.4466171265 n/a n/a n/a
15:31:17.687 698.0660400391 1435.2094726563 -108.6742401123 n/a n/a n/a
15:31:17.718 698.0660400391 1435.2094726563 -108.6742401123 n/a n/a n/a
15:31:17.750 698.0660400391 1435.2094726563 -108.9079895020 n/a n/a n/a
15:31:17.781 698.0660400391 1435.2094726563 -109.1399917603 n/a n/a n/a
15:31:17.812 698.0660400391 1435.2094726563 -109.1399917603 n/a n/a n/a
15:31:17.843 698.0660400391 1435.2094726563 -109.3798675537 n/a n/a n/a
15:31:17.875 698.0660400391 1435.2094726563 -109.3798675537 n/a n/a n/a
15:31:17.906 698.0660400391 1435.2094726563 -109.6188659668 n/a n/a n/a
15:31:17.937 698.0660400391 1435.2094726563 -109.8429870605 n/a n/a n/a
15:31:17.968 698.0660400391 1435.2094726563 -110.0723571777 n/a n/a n/a
15:31:18.000 698.0660400391 1435.2094726563 -110.0723571777 n/a n/a n/a
15:31:18.031 698.0660400391 1435.2094726563 -110.3104858398 n/a n/a n/a
15:31:18.062 698.0660400391 1435.2094726563 -110.3104858398 n/a n/a n/a
15:31:18.093 698.0660400391 1435.2094726563 -110.4172973633 n/a n/a n/a
15:31:18.125 698.0660400391 1435.2094726563 -110.4172973633 n/a n/a n/a
15:31:18.156 698.0660400391 1435.2094726563 -110.4172973633 n/a n/a n/a
15:31:18.187 698.0660400391 1435.2094726563 -110.4172973633 n/a n/a n/a
15:31:18.218 698.0660400391 1435.2094726563 -110.4172973633 n/a n/a n/a
15:31:18.250 698.0660400391 1435.2094726563 -110.4172973633 n/a n/a n/a
15:31:18.281 698.0660400391 1435.2094726563 -110.4172973633 n/a n/a n/a
15:31:18.312 698.0660400391 1435.2094726563 -110.4172973633 n/a n/a n/a
15:31:18.343 698.0660400391 1435.2094726563 -110.4172973633 n/a n/a n/a
15:31:18.375 698.0660400391 1435.2094726563 -110.4172973633 n/a n/a n/a
15:31:18.406 698.0660400391 1435.2094726563 -110.4172973633 n/a n/a n/a
15:31:18.437 698.0660400391 1435.2094726563 -110.4172973633 n/a n/a n/a
15:31:18.468 698.0660400391 1435.2094726563 -110.4172973633 n/a n/a n/a
15:31:18.500 698.0660400391 1435.2094726563 -110.4172973633 n/a n/a n/a
15:31:18.531 698.0660400391 1435.2094726563 -110.4172973633 n/a n/a n/a
15:31:18.562 698.0660400391 1435.2094726563 -110.4172973633 n/a n/a n/a
15:31:18.593 698.0660400391 1435.2094726563 -110.4172973633 n/a n/a n/a
15:31:18.625 698.0660400391 1435.2094726563 -110.4172973633 n/a n/a n/a
15:31:18.656 698.0660400391 1435.2094726563 -110.4172973633 n/a n/a n/a
15:31:18.687 698.0660400391 1435.2094726563 -110.4172973633 n/a n/a n/a
15:31:18.718 698.0660400391 1435.2094726563 -110.4172973633 n/a n/a n/a
15:31:18.750 698.0660400391 1435.2094726563 -110.4172973633 n/a n/a n/a
15:31:18.781 698.0660400391 1435.2094726563 -110.4172973633 n/a n/a n/a
15:31:18.812 698.0660400391 1435.2094726563 -110.4172973633 n/a n/a n/a
