Тестовая информация 0. Исходные сенсорные данные: Time, X_rob, Y_rob, Ang_rob, X_obj, Y_obj, Distance (мм, град)
15:49:16.828 0.0000000000 0.0000000000 60.0073242188 565.8746767177 980.4131018328 992.0000000000
15:49:16.859 0.0000000000 0.0000000000 60.0073242188 565.8746767177 980.4131018328 992.0000000000
15:49:16.890 0.0000000000 0.0000000000 60.0073242188 615.8636057564 1067.0220330903 1092.0000000000
15:49:16.921 0.0000000000 0.0000000000 60.0073242188 592.3688091082 1026.3158353993 1045.0000000000
15:49:16.953 0.0000000000 0.0000000000 60.0073242188 565.8746767177 980.4131018328 992.0000000000
15:49:16.984 0.0000000000 0.0000000000 60.0073242188 565.8746767177 980.4131018328 992.0000000000
15:49:17.015 0.0000000000 0.0000000000 60.0073242188 515.3858583885 892.9380812628 891.0000000000
15:49:17.046 0.0000000000 0.0000000000 60.0073242188 515.3858583885 892.9380812628 891.0000000000
15:49:17.078 0.0000000000 0.0000000000 60.0073242188 537.3809871656 931.0460110161 935.0000000000
15:49:17.109 0.0000000000 0.0000000000 60.0073242188 539.8804336175 935.3764575789 940.0000000000
15:49:17.140 0.0000000000 0.0000000000 60.0073242188 539.8804336175 935.3764575789 940.0000000000
15:49:17.171 0.0000000000 0.0000000000 60.0073242188 n/a n/a n/a
15:49:17.203 0.0000000000 0.0000000000 60.0073242188 581.8711340101 1008.1279598352 1024.0000000000
15:49:17.234 0.0000000000 0.0000000000 60.0073242188 581.8711340101 1008.1279598352 1024.0000000000
15:49:17.265 0.0000000000 0.0000000000 60.0073242188 588.3696947851 1019.3871208987 1037.0000000000
15:49:17.296 0.0000000000 0.0000000000 60.0073242188 612.3643807237 1060.9594079023 1085.0000000000
15:49:17.328 0.0000000000 0.0000000000 60.0073242188 581.8711340101 1008.1279598352 1024.0000000000
15:49:17.359 0.0000000000 0.0000000000 60.0073242188 581.8711340101 1008.1279598352 1024.0000000000
15:49:17.390 0.0000000000 0.0000000000 60.0073242188 540.8802121983 937.1086362041 942.0000000000
15:49:17.421 0.0000000000 0.0000000000 60.0073242188 540.8802121983 937.1086362041 942.0000000000
15:49:17.453 0.0000000000 0.0000000000 60.0073242188 564.8748981369 978.6809232077 990.0000000000
15:49:17.484 0.0000000000 0.0000000000 60.0073242188 546.8788836830 947.5017079550 954.0000000000
15:49:17.515 0.0000000000 0.0000000000 59.8348541260 549.7285438523 945.8512187812 954.0000000000
15:49:17.546 0.0000000000 0.0000000000 59.8348541260 595.9580009222 1025.3926375454 1046.0000000000
15:49:17.578 0.0000000000 0.0000000000 59.6046104431 n/a n/a n/a
15:49:17.609 0.0000000000 0.0000000000 59.6046104431 n/a n/a n/a
15:49:17.640 0.0000000000 0.0000000000 59.3612289429 n/a n/a n/a
15:49:17.671 0.0000000000 0.0000000000 59.1301002502 612.1168449622 1023.9931484678 1053.0000000000
15:49:17.703 0.0000000000 0.0000000000 59.1301002502 589.0277770466 985.3680925742 1008.0000000000
15:49:17.734 0.0000000000 0.0000000000 58.9016036987 592.9527474604 983.0112101471 1008.0000000000
15:49:17.765 0.0000000000 0.0000000000 58.6617279053 534.1321755833 877.1726278235 887.0000000000
15:49:17.796 0.0000000000 0.0000000000 58.6617279053 534.1321755833 877.1726278235 887.0000000000
15:49:17.828 0.0000000000 0.0000000000 58.4262313843 545.0633423275 886.8973744729 901.0000000000
15:49:17.859 0.0000000000 0.0000000000 58.2038612366 601.7181086216 970.6180081538 1002.0000000000
15:49:17.890 0.0000000000 0.0000000000 58.2038612366 551.6627493229 889.8748288414 907.0000000000
15:49:17.921 0.0000000000 0.0000000000 57.9596061707 605.8504264573 968.0440386456 1002.0000000000
15:49:17.953 0.0000000000 0.0000000000 57.7346115112 612.8502050982 970.7309751454 1008.0000000000
15:49:17.984 0.0000000000 0.0000000000 57.7346115112 612.8502050982 970.7309751454 1008.0000000000
15:49:18.015 0.0000000000 0.0000000000 57.4991149902 616.8349056551 968.2038520689 1008.0000000000
15:49:18.046 0.0000000000 0.0000000000 57.2609863281 557.5784032326 867.2181526264 891.0000000000
15:49:18.078 0.0000000000 0.0000000000 57.2609863281 557.5784032326 867.2181526264 891.0000000000
15:49:18.109 0.0000000000 0.0000000000 57.0368690491 572.9365094828 883.4889677284 913.0000000000
15:49:18.140 0.0000000000 0.0000000000 56.7978668213 564.5698023545 862.6829882787 891.0000000000
15:49:18.171 0.0000000000 0.0000000000 56.7978668213 557.9986698344 852.6420611600 879.0000000000
15:49:18.203 0.0000000000 0.0000000000 56.5588645935 561.5504952887 850.3070276301 879.0000000000
15:49:18.234 0.0000000000 0.0000000000 56.3338661194 571.5375131041 858.0826714897 891.0000000000
15:49:18.265 0.0000000000 0.0000000000 56.3338661194 556.5699933623 835.6110593362 864.0000000000
15:49:18.296 0.0000000000 0.0000000000 56.0966148376 560.5831177158 834.1292274752 865.0000000000
15:49:18.328 0.0000000000 0.0000000000 55.8628654480 563.9814371993 831.8352832688 865.0000000000
15:49:18.359 0.0000000000 0.0000000000 55.8628654480 563.4202616399 831.0075864695 864.0000000000
15:49:18.406 0.0000000000 0.0000000000 55.6256103516 566.8565262101 828.6674113837 864.0000000000
15:49:18.421 0.0000000000 0.0000000000 55.3620948792 571.2301232968 826.8743231196 865.0000000000
15:49:18.453 0.0000000000 0.0000000000 55.3620948792 571.2301232968 826.8743231196 865.0000000000
15:49:18.484 0.0000000000 0.0000000000 55.1668624878 574.0443329445 824.9230896336 865.0000000000
15:49:18.515 0.0000000000 0.0000000000 55.1668624878 571.1883909895 820.8189946603 860.0000000000
15:49:18.546 0.0000000000 0.0000000000 54.9278640747 569.4358359018 811.0633938152 851.0000000000
15:49:18.578 0.0000000000 0.0000000000 54.6879806519 576.8727610867 814.3843180664 858.0000000000
15:49:18.609 0.0000000000 0.0000000000 54.6879806519 574.5606458118 811.1202526633 854.0000000000
15:49:18.640 0.0000000000 0.0000000000 54.4586105347 577.8031614605 808.8136414543 854.0000000000
15:49:18.671 0.0000000000 0.0000000000 54.2336158752 580.9748266420 806.5384372766 854.0000000000
15:49:18.703 0.0000000000 0.0000000000 54.2336158752 580.9748266420 806.5384372766 854.0000000000
15:49:18.734 0.0000000000 0.0000000000 53.9946136475 584.3341372167 804.1079629499 854.0000000000
15:49:18.765 0.0000000000 0.0000000000 53.7556114197 591.2306641574 806.5025119342 860.0000000000
15:49:18.796 0.0000000000 0.0000000000 53.7556114197 587.6832801725 801.6634968626 854.0000000000
15:49:18.828 0.0000000000 0.0000000000 53.5306129456 584.8829125440 791.3077647858 844.0000000000
15:49:18.859 0.0000000000 0.0000000000 53.2916107178 589.3741415175 790.4644971830 846.0000000000
15:49:18.890 0.0000000000 0.0000000000 53.2916107178 594.1560818138 796.8780022312 854.0000000000
15:49:18.921 0.0000000000 0.0000000000 53.0613632202 597.3535912530 794.4839123692 854.0000000000
15:49:18.953 0.0000000000 0.0000000000 52.8214836121 616.3864138090 812.6916936132 880.0000000000
15:49:18.984 0.0000000000 0.0000000000 52.8214836121 616.3864138090 812.6916936132 880.0000000000
15:49:19.015 0.0000000000 0.0000000000 52.5833549500 619.7587322213 810.1229004489 880.0000000000
15:49:19.046 0.0000000000 0.0000000000 52.5833549500 630.0880444250 823.6249487897 897.0000000000
15:49:19.078 0.0000000000 0.0000000000 52.3539848328 622.9968930422 807.6353578540 880.0000000000
15:49:19.109 0.0000000000 0.0000000000 52.1289863586 616.9553476192 793.3417290426 865.0000000000
15:49:19.140 0.0000000000 0.0000000000 51.8908576965 620.2472403966 790.7707384423 865.0000000000
15:49:19.171 0.0000000000 0.0000000000 51.8908576965 610.9898188981 778.9681901073 850.0000000000
15:49:19.218 0.0000000000 0.0000000000 51.6606101990 614.1152206498 776.5065973722 850.0000000000
15:49:19.234 0.0000000000 0.0000000000 51.6606101990 627.1419071485 792.9779494377 871.0000000000
15:49:19.265 0.0000000000 0.0000000000 51.4163551331 642.9898366070 805.9311819357 891.0000000000
15:49:19.296 0.0000000000 0.0000000000 51.1861076355 646.2233325407 803.3407773020 891.0000000000
15:49:19.328 0.0000000000 0.0000000000 50.9567337036 677.7800019841 835.6974745124 936.0000000000
15:49:19.359 0.0000000000 0.0000000000 50.9567337036 649.4341840572 800.7473013218 891.0000000000
15:49:19.390 0.0000000000 0.0000000000 50.7238616943 648.2519452092 792.6824178248 884.0000000000
15:49:19.421 0.0000000000 0.0000000000 50.7238616943 648.2519452092 792.6824178248 884.0000000000
15:49:19.453 0.0000000000 0.0000000000 50.4839820862 644.5657357961 781.4755352753 873.0000000000
15:49:19.484 0.0000000000 0.0000000000 50.2598609924 647.6176563185 778.9482468180 873.0000000000
15:49:19.515 0.0000000000 0.0000000000 50.2598609924 659.1251763715 792.7893805226 891.0000000000
15:49:19.546 0.0000000000 0.0000000000 50.0191078186 654.7402124001 780.8176831134 879.0000000000
15:49:19.578 0.0000000000 0.0000000000 49.7818527222 657.9678641404 778.0997942133 879.0000000000
15:49:19.609 0.0000000000 0.0000000000 49.7818527222 667.6533577244 789.5536675334 894.0000000000
15:49:19.640 0.0000000000 0.0000000000 49.5559844971 668.8145820437 784.6324329530 891.0000000000
15:49:19.671 0.0000000000 0.0000000000 49.3169822693 672.0817504860 781.8357376456 891.0000000000
15:49:19.703 0.0000000000 0.0000000000 49.3169822693 672.0817504860 781.8357376456 891.0000000000
15:49:19.734 0.0000000000 0.0000000000 49.0867309570 679.8026451576 784.4184875645 898.0000000000
15:49:19.765 0.0000000000 0.0000000000 48.8486061096 683.0568570672 781.5864187725 898.0000000000
15:49:19.796 0.0000000000 0.0000000000 48.8486061096 730.4365234535 835.8005056238 970.0000000000
15:49:19.828 0.0000000000 0.0000000000 48.6183547974 687.5143933590 780.3357988202 900.0000000000
15:49:19.859 0.0000000000 0.0000000000 48.3793525696 690.7634762860 777.4611371801 900.0000000000
15:49:19.890 0.0000000000 0.0000000000 48.3793525696 710.0251501440 799.1403419669 929.0000000000
15:49:19.921 0.0000000000 0.0000000000 48.1447257996 719.9641885075 803.6744162052 939.0000000000
15:49:19.953 0.0000000000 0.0000000000 48.1447257996 719.9641885075 803.6744162052 939.0000000000
15:49:19.984 0.0000000000 0.0000000000 47.9144783020 723.8582330565 801.5168485018 940.0000000000
15:49:20.015 0.0000000000 0.0000000000 47.6763496399 798.5548617145 876.8729285522 1046.0000000000
15:49:20.046 0.0000000000 0.0000000000 47.6763496399 757.4824784390 831.7723816367 985.0000000000
15:49:20.078 0.0000000000 0.0000000000 47.4513511658 760.7429698178 828.7913693256 985.0000000000
15:49:20.109 0.0000000000 0.0000000000 47.2123489380 720.7194199818 778.6427407079 921.0000000000
15:49:20.140 0.0000000000 0.0000000000 47.2123489380 701.0202086910 757.3603283794 892.0000000000
15:49:20.171 0.0000000000 0.0000000000 46.9821014404 723.8426278852 775.7401949443 921.0000000000
15:49:20.203 0.0000000000 0.0000000000 46.7536048889 734.4670375794 780.8598918535 932.0000000000
15:49:20.234 0.0000000000 0.0000000000 46.7536048889 734.4670375794 780.8598918535 932.0000000000
15:49:20.265 0.0000000000 0.0000000000 46.5137252808 742.5470740728 782.8568469279 939.0000000000
15:49:20.296 0.0000000000 0.0000000000 46.2738456726 770.0105673633 805.0339906766 974.0000000000
15:49:20.328 0.0000000000 0.0000000000 46.2738456726 770.0105673633 805.0339906766 974.0000000000
15:49:20.359 0.0000000000 0.0000000000 46.0453491211 780.1558130092 809.1556756421 984.0000000000
15:49:20.390 0.0000000000 0.0000000000 45.8150978088 784.0981890732 806.7310765601 985.0000000000
15:49:20.421 0.0000000000 0.0000000000 45.8150978088 784.0981890732 806.7310765601 985.0000000000
15:49:20.453 0.0000000000 0.0000000000 45.5760955811 787.4565360076 803.4532991374 985.0000000000
15:49:20.484 0.0000000000 0.0000000000 45.3511009216 740.0067809914 749.1321406020 913.0000000000
15:49:20.515 0.0000000000 0.0000000000 45.3511009216 740.0067809914 749.1321406020 913.0000000000
15:49:20.546 0.0000000000 0.0000000000 45.1077194214 743.1822650236 745.9819843337 913.0000000000
15:49:20.578 0.0000000000 0.0000000000 44.8774719238 736.9620169311 733.8167248005 900.0000000000
15:49:20.609 0.0000000000 0.0000000000 44.8774719238 736.9620169311 733.8167248005 900.0000000000
15:49:20.640 0.0000000000 0.0000000000 44.6349639893 740.0613312107 730.6909237446 900.0000000000
15:49:20.671 0.0000000000 0.0000000000 44.6349639893 780.6223849406 770.7384070653 957.0000000000
15:49:20.703 0.0000000000 0.0000000000 44.4090957642 783.6546733913 767.6551002031 957.0000000000
15:49:20.734 0.0000000000 0.0000000000 44.1700935364 838.4937813528 814.5484507556 1029.0000000000
15:49:20.765 0.0000000000 0.0000000000 43.9450950623 798.4857020120 769.6113198740 969.0000000000
15:49:20.796 0.0000000000 0.0000000000 43.9450950623 789.8456403131 761.2836951323 957.0000000000
15:49:20.828 0.0000000000 0.0000000000 43.7060928345 793.0143596866 757.9823384003 957.0000000000
15:49:20.859 0.0000000000 0.0000000000 43.7060928345 772.0504431588 737.9445190624 928.0000000000
15:49:20.890 0.0000000000 0.0000000000 43.4784698486 774.9760271127 734.8715244154 928.0000000000
15:49:20.921 0.0000000000 0.0000000000 43.2359657288 790.4645759277 743.2299470550 945.0000000000
15:49:20.953 0.0000000000 0.0000000000 43.2359657288 826.8915149106 777.4801750299 995.0000000000
15:49:20.984 0.0000000000 0.0000000000 43.0118446350 829.9264121351 774.2397241400 995.0000000000
15:49:21.015 0.0000000000 0.0000000000 42.7728424072 843.4255527287 780.2783714804 1009.0000000000
15:49:21.046 0.0000000000 0.0000000000 42.7728424072 850.7660710292 787.0693059580 1019.0000000000
15:49:21.078 0.0000000000 0.0000000000 42.5434722900 853.9100914042 783.6571672573 1019.0000000000
15:49:21.109 0.0000000000 0.0000000000 42.3053436279 877.8676005739 798.9477303667 1047.0000000000
15:49:21.140 0.0000000000 0.0000000000 42.3053436279 857.1596875022 780.1014486057 1019.0000000000
15:49:21.171 0.0000000000 0.0000000000 42.0750961304 835.7928388673 754.5371630966 986.0000000000
15:49:21.203 0.0000000000 0.0000000000 41.8378410339 838.9101141264 751.0697839830 986.0000000000
15:49:21.234 0.0000000000 0.0000000000 41.8378410339 767.3866940942 687.0354151886 890.0000000000
15:49:21.265 0.0000000000 0.0000000000 41.5962142944 757.5639019134 672.5072003436 873.0000000000
15:49:21.296 0.0000000000 0.0000000000 41.3720932007 760.1887129333 669.5387372848 873.0000000000
15:49:21.328 0.0000000000 0.0000000000 41.3720932007 752.6843821048 662.9292729484 863.0000000000
15:49:21.359 0.0000000000 0.0000000000 41.1330947876 755.4431087938 659.7838353371 863.0000000000
15:49:21.390 0.0000000000 0.0000000000 40.9080963135 772.3876826685 669.2542623385 882.0000000000
15:49:21.421 0.0000000000 0.0000000000 40.9080963135 816.2218173014 707.2354239977 940.0000000000
15:49:21.453 0.0000000000 0.0000000000 40.6638412476 774.4751775787 665.3038398436 881.0000000000
15:49:21.484 0.0000000000 0.0000000000 40.4335937500 777.1424915668 662.1861881658 881.0000000000
15:49:21.515 0.0000000000 0.0000000000 40.4335937500 780.1871242468 664.7804533496 885.0000000000
15:49:21.546 0.0000000000 0.0000000000 40.2042198181 773.6772191380 653.9056205471 873.0000000000
15:49:21.578 0.0000000000 0.0000000000 39.9643402100 776.4081299513 650.6607531900 873.0000000000
15:49:21.609 0.0000000000 0.0000000000 39.9643402100 760.3127985307 637.1722281979 852.0000000000
15:49:21.640 0.0000000000 0.0000000000 39.7410964966 761.2517768129 632.9263245398 850.0000000000
15:49:21.671 0.0000000000 0.0000000000 39.7410964966 762.7896591903 634.2049635793 852.0000000000
15:49:21.703 0.0000000000 0.0000000000 39.5020942688 768.5149276802 633.5619984887 856.0000000000
15:49:21.734 0.0000000000 0.0000000000 39.2630920410 771.1510589859 630.3507311181 856.0000000000
15:49:21.765 0.0000000000 0.0000000000 39.2630920410 773.4738031395 632.2493778986 859.0000000000
15:49:21.796 0.0000000000 0.0000000000 39.0380973816 844.3026174800 684.6328140780 947.0000000000
15:49:21.828 0.0000000000 0.0000000000 38.7912139893 847.2448038852 680.9884303609 947.0000000000
15:49:21.859 0.0000000000 0.0000000000 38.7912139893 847.2448038852 680.9884303609 947.0000000000
15:49:21.890 0.0000000000 0.0000000000 38.5592117310 797.6036958935 635.7895440264 880.0000000000
15:49:21.921 0.0000000000 0.0000000000 38.3342132568 800.0942623109 632.6524886645 880.0000000000
15:49:21.953 0.0000000000 0.0000000000 38.3342132568 800.0942623109 632.6524886645 880.0000000000
15:49:21.984 0.0000000000 0.0000000000 38.1048431396 802.6205191256 629.4444393866 880.0000000000
15:49:22.015 0.0000000000 0.0000000000 37.8658409119 805.2391778702 626.0909410135 880.0000000000
15:49:22.046 0.0000000000 0.0000000000 37.8658409119 806.0286280446 626.7047556616 881.0000000000
15:49:22.078 0.0000000000 0.0000000000 37.6373443604 809.3134128844 624.0959859842 882.0000000000
15:49:22.109 0.0000000000 0.0000000000 37.6373443604 809.3134128844 624.0959859842 882.0000000000
15:49:22.140 0.0000000000 0.0000000000 37.3922119141 821.5100762836 627.9149580641 894.0000000000
15:49:22.171 0.0000000000 0.0000000000 37.1672172546 814.4069850118 617.4344198052 882.0000000000
15:49:22.203 0.0000000000 0.0000000000 36.9229621887 817.0317336426 613.9569579516 882.0000000000
15:49:22.234 0.0000000000 0.0000000000 36.9229621887 823.4272853737 618.7628832585 890.0000000000
15:49:22.265 0.0000000000 0.0000000000 36.6988410950 821.8324253696 612.5491528092 885.0000000000
15:49:22.296 0.0000000000 0.0000000000 36.6988410950 821.8324253696 612.5491528092 885.0000000000
15:49:22.328 0.0000000000 0.0000000000 36.4694709778 833.1239398125 615.7925794514 896.0000000000
15:49:22.359 0.0000000000 0.0000000000 36.2313423157 826.8030422696 605.8231831896 885.0000000000
15:49:22.390 0.0000000000 0.0000000000 36.2313423157 826.8030422696 605.8231831896 885.0000000000
15:49:22.421 0.0000000000 0.0000000000 36.0002212524 829.2400927002 602.4830857831 885.0000000000
15:49:22.453 0.0000000000 0.0000000000 35.7568397522 831.7918364454 598.9552076900 885.0000000000
15:49:22.484 0.0000000000 0.0000000000 35.7568397522 831.7918364454 598.9552076900 885.0000000000
15:49:22.515 0.0000000000 0.0000000000 35.5248374939 834.2103021693 595.5822124197 885.0000000000
15:49:22.546 0.0000000000 0.0000000000 35.2928390503 824.3719036484 583.5331734112 870.0000000000
15:49:22.578 0.0000000000 0.0000000000 35.2928390503 821.1070644260 581.2221509422 866.0000000000
15:49:22.609 0.0000000000 0.0000000000 35.0625877380 823.4361525381 577.9177300357 866.0000000000
15:49:22.640 0.0000000000 0.0000000000 34.8332176208 820.8181960469 571.1895386249 860.0000000000
15:49:22.671 0.0000000000 0.0000000000 34.8332176208 809.3267413023 563.1928850841 846.0000000000
15:49:22.703 0.0000000000 0.0000000000 34.5942153931 823.1936940903 567.7606379508 860.0000000000
15:49:22.734 0.0000000000 0.0000000000 34.3560867310 837.9294581535 572.7994615525 875.0000000000
15:49:22.765 0.0000000000 0.0000000000 34.3560867310 823.0696253980 562.6414415447 857.0000000000
15:49:22.796 0.0000000000 0.0000000000 34.1258392334 825.3239913771 559.3293388100 857.0000000000
15:49:22.828 0.0000000000 0.0000000000 33.8842086792 821.8643142589 551.9411643863 850.0000000000
15:49:22.859 0.0000000000 0.0000000000 33.8842086792 816.0531524409 548.0385500927 843.0000000000
15:49:22.890 0.0000000000 0.0000000000 33.6565856934 818.2239382925 544.7922418697 843.0000000000
15:49:22.921 0.0000000000 0.0000000000 33.4272155762 821.2329093216 542.0631961713 844.0000000000
15:49:22.953 0.0000000000 0.0000000000 33.4272155762 817.0599778718 539.3088100119 839.0000000000
15:49:22.984 0.0000000000 0.0000000000 33.1978454590 820.8859901791 537.1286541639 841.0000000000
15:49:23.015 0.0000000000 0.0000000000 33.1978454590 823.3963448892 538.7712494366 844.0000000000
15:49:23.046 0.0000000000 0.0000000000 32.9535903931 825.6856674204 535.2561803594 844.0000000000
15:49:23.078 0.0000000000 0.0000000000 32.7233390808 827.8299982094 531.9337308923 844.0000000000
15:49:23.109 0.0000000000 0.0000000000 32.7233390808 821.0996730207 527.6090664135 836.0000000000
15:49:23.140 0.0000000000 0.0000000000 32.4948425293 823.1972519592 524.3303198969 836.0000000000
15:49:23.171 0.0000000000 0.0000000000 32.2497100830 827.9701808268 522.4044215529 839.0000000000
15:49:23.203 0.0000000000 0.0000000000 32.2497100830 825.4329892614 520.8035908434 836.0000000000
15:49:23.234 0.0000000000 0.0000000000 32.0247154236 813.0588318005 508.5433472455 819.0000000000
15:49:23.265 0.0000000000 0.0000000000 31.7962169647 815.0804572884 505.2967921361 819.0000000000
15:49:23.296 0.0000000000 0.0000000000 31.7962169647 813.3806023201 504.2429927782 817.0000000000
15:49:23.328 0.0000000000 0.0000000000 31.5563373566 813.7803241359 499.7865384798 815.0000000000
15:49:23.359 0.0000000000 0.0000000000 31.3278408051 817.4754174299 497.5770713108 817.0000000000
15:49:23.390 0.0000000000 0.0000000000 31.3278408051 815.7670048543 496.5372028232 815.0000000000
15:49:23.421 0.0000000000 0.0000000000 31.0835857391 817.8763511888 493.0550417170 815.0000000000
15:49:23.453 0.0000000000 0.0000000000 30.8542156219 832.7207465552 497.4697561189 830.0000000000
15:49:23.484 0.0000000000 0.0000000000 30.8542156219 819.8436216084 489.7769248387 815.0000000000
15:49:23.515 0.0000000000 0.0000000000 30.6222133636 821.8201014310 486.4532052319 815.0000000000
15:49:23.546 0.0000000000 0.0000000000 30.3945903778 823.7461779720 483.1844723012 815.0000000000
15:49:23.578 0.0000000000 0.0000000000 30.3945903778 815.9831249858 478.6309013581 806.0000000000
15:49:23.609 0.0000000000 0.0000000000 30.1503372192 810.2337238607 470.6275732628 797.0000000000
15:49:23.640 0.0000000000 0.0000000000 29.9218387604 812.1041621962 467.3925863127 797.0000000000
15:49:23.671 0.0000000000 0.0000000000 29.9218387604 819.9045223454 471.8819494684 806.0000000000
15:49:23.703 0.0000000000 0.0000000000 29.6810855865 805.3729903247 459.0243418949 787.0000000000
15:49:23.734 0.0000000000 0.0000000000 29.6810855865 805.3729903247 459.0243418949 787.0000000000
15:49:23.765 0.0000000000 0.0000000000 29.4578399658 807.1554015284 455.8828333904 787.0000000000
15:49:23.796 0.0000000000 0.0000000000 29.2109565735 809.1122686252 452.4006374406 787.0000000000
15:49:23.828 0.0000000000 0.0000000000 29.2109565735 809.1122686252 452.4006374406 787.0000000000
15:49:23.859 0.0000000000 0.0000000000 28.9789562225 810.0626799901 448.6362161973 786.0000000000
15:49:23.890 0.0000000000 0.0000000000 28.7539596558 811.8181929868 445.4517050503 786.0000000000
15:49:23.921 0.0000000000 0.0000000000 28.7539596558 811.8181929868 445.4517050503 786.0000000000
15:49:23.953 0.0000000000 0.0000000000 28.5149555206 807.5184380805 438.7196965679 779.0000000000
15:49:23.984 0.0000000000 0.0000000000 28.2908344269 790.7367573114 425.6047234622 758.0000000000
15:49:24.015 0.0000000000 0.0000000000 28.2908344269 790.7367573114 425.6047234622 758.0000000000
15:49:24.046 0.0000000000 0.0000000000 28.0465793610 796.0742054898 424.1106687533 762.0000000000
15:49:24.078 0.0000000000 0.0000000000 27.8163299561 797.7721083856 420.9081409033 762.0000000000
15:49:24.109 0.0000000000 0.0000000000 27.8163299561 800.4254524268 422.3080571147 765.0000000000
15:49:24.140 0.0000000000 0.0000000000 27.5729503632 804.8713620854 420.2928627653 768.0000000000
15:49:24.171 0.0000000000 0.0000000000 27.3470783234 806.5219865940 417.1166325347 768.0000000000
15:49:24.203 0.0000000000 0.0000000000 27.3470783234 808.2984667407 418.0353916372 770.0000000000
15:49:24.234 0.0000000000 0.0000000000 27.1185817719 811.7392969770 415.7202349415 772.0000000000
15:49:24.265 0.0000000000 0.0000000000 26.8883323669 813.4033555911 412.4548231137 772.0000000000
15:49:24.296 0.0000000000 0.0000000000 26.8883323669 813.4033555911 412.4548231137 772.0000000000
15:49:24.328 0.0000000000 0.0000000000 26.6493282318 805.2853390030 404.1243902358 761.0000000000
15:49:24.359 0.0000000000 0.0000000000 26.4208316803 799.7261856781 397.3500068422 753.0000000000
15:49:24.390 0.0000000000 0.0000000000 26.4208316803 799.7261856781 397.3500068422 753.0000000000
15:49:24.421 0.0000000000 0.0000000000 26.1765747070 791.5410248434 389.0845743364 742.0000000000
15:49:24.453 0.0000000000 0.0000000000 26.1765747070 791.5410248434 389.0845743364 742.0000000000
15:49:24.484 0.0000000000 0.0000000000 25.9489517212 793.0805181176 385.9369012922 742.0000000000
15:49:24.515 0.0000000000 0.0000000000 25.7125759125 803.6757792612 387.0003124361 752.0000000000
15:49:24.546 0.0000000000 0.0000000000 25.7125759125 803.6757792612 387.0003124361 752.0000000000
15:49:24.578 0.0000000000 0.0000000000 25.4823265076 819.6679777157 390.6512591865 768.0000000000
15:49:24.609 0.0000000000 0.0000000000 25.2433223724 806.8183301610 380.4052866522 752.0000000000
15:49:24.640 0.0000000000 0.0000000000 25.2433223724 806.8183301610 380.4052866522 752.0000000000
15:49:24.671 0.0000000000 0.0000000000 25.0130729675 811.0591458885 378.4284104918 755.0000000000
15:49:24.703 0.0000000000 0.0000000000 24.7740688324 809.9067628812 373.7847447876 752.0000000000
15:49:24.734 0.0000000000 0.0000000000 24.7740688324 808.0908284353 372.9466624002 750.0000000000
15:49:24.765 0.0000000000 0.0000000000 24.5473232269 809.5604171677 369.7457652927 750.0000000000
15:49:24.796 0.0000000000 0.0000000000 24.3004398346 796.5637027747 359.6696643012 734.0000000000
15:49:24.828 0.0000000000 0.0000000000 24.3004398346 792.9181023044 358.0235788811 730.0000000000
15:49:24.859 0.0000000000 0.0000000000 24.0763187408 794.3124958090 354.9192288374 730.0000000000
15:49:24.890 0.0000000000 0.0000000000 23.8460712433 787.5006345917 348.0858378540 721.0000000000
15:49:24.921 0.0000000000 0.0000000000 23.8460712433 787.5006345917 348.0858378540 721.0000000000
15:49:24.953 0.0000000000 0.0000000000 23.6070671082 788.9457873037 344.7978316239 721.0000000000
15:49:24.984 0.0000000000 0.0000000000 23.3829460144 779.2740032782 336.9466245736 709.0000000000
15:49:25.015 0.0000000000 0.0000000000 23.3829460144 779.2740032782 336.9466245736 709.0000000000
15:49:25.046 0.0000000000 0.0000000000 23.1378135681 780.7084485604 333.6095297549 709.0000000000
15:49:25.078 0.0000000000 0.0000000000 22.9119434357 779.2542139235 329.3613062873 706.0000000000
15:49:25.109 0.0000000000 0.0000000000 22.9119434357 776.4909011082 328.1933583926 703.0000000000
15:49:25.140 0.0000000000 0.0000000000 22.6738147736 777.8482048673 324.9633366729 703.0000000000
15:49:25.171 0.0000000000 0.0000000000 22.4453182220 779.1379752430 321.8586887612 703.0000000000
15:49:25.203 0.0000000000 0.0000000000 22.4453182220 779.1379752430 321.8586887612 703.0000000000
15:49:25.234 0.0000000000 0.0000000000 22.2010612488 780.5030031449 318.5342400413 703.0000000000
15:49:25.265 0.0000000000 0.0000000000 22.2010612488 775.8736852140 316.6449503613 698.0000000000
15:49:25.296 0.0000000000 0.0000000000 21.9769420624 774.3243367308 312.4849141053 695.0000000000
15:49:25.328 0.0000000000 0.0000000000 21.7370624542 778.4125033487 310.3513728458 698.0000000000
15:49:25.359 0.0000000000 0.0000000000 21.7370624542 775.6258237424 309.2403297449 695.0000000000
15:49:25.390 0.0000000000 0.0000000000 21.5076904297 775.9272177343 305.7661733678 694.0000000000
15:49:25.421 0.0000000000 0.0000000000 21.2713127136 777.1820704749 302.5624387282 694.0000000000
15:49:25.453 0.0000000000 0.0000000000 21.2713127136 756.6808647789 294.5811753565 672.0000000000
15:49:25.484 0.0000000000 0.0000000000 21.0331859589 753.2317702480 289.6392588825 667.0000000000
15:49:25.515 0.0000000000 0.0000000000 20.8038120270 754.3852528963 286.6215103750 667.0000000000
15:49:25.546 0.0000000000 0.0000000000 20.8038120270 745.0372324143 283.0698187966 657.0000000000
15:49:25.578 0.0000000000 0.0000000000 20.5753154755 746.1601920820 280.0963544017 657.0000000000
15:49:25.609 0.0000000000 0.0000000000 20.3363113403 757.6364509671 280.8042167827 668.0000000000
15:49:25.640 0.0000000000 0.0000000000 20.3363113403 777.3274973413 288.1023461793 689.0000000000
15:49:25.671 0.0000000000 0.0000000000 20.1060619354 773.7836992088 283.2574568051 684.0000000000
15:49:25.703 0.0000000000 0.0000000000 19.8644313812 779.6738781375 281.6906880728 689.0000000000
15:49:25.734 0.0000000000 0.0000000000 19.8644313812 780.6143773874 282.0304838364 690.0000000000
15:49:25.765 0.0000000000 0.0000000000 19.6359348297 781.7329092664 278.9151458182 690.0000000000
15:49:25.796 0.0000000000 0.0000000000 19.3978080750 782.8853525468 275.6637893606 690.0000000000
15:49:25.828 0.0000000000 0.0000000000 19.3978080750 779.1124110887 274.3352891709 686.0000000000
15:49:25.859 0.0000000000 0.0000000000 19.1693096161 774.5329611040 269.2558117486 680.0000000000
15:49:25.890 0.0000000000 0.0000000000 18.9303054810 777.5412230990 266.6714202510 682.0000000000
15:49:25.921 0.0000000000 0.0000000000 18.9303054810 781.3248786859 267.9690913957 686.0000000000
15:49:25.953 0.0000000000 0.0000000000 18.6948051453 776.7362612362 262.8322287655 680.0000000000
15:49:25.984 0.0000000000 0.0000000000 18.4750614166 781.5324206266 261.1188915159 684.0000000000
15:49:26.015 0.0000000000 0.0000000000 18.4750614166 782.4808823021 261.4357833746 685.0000000000
15:49:26.046 0.0000000000 0.0000000000 18.2334327698 783.5764518958 258.1335778841 685.0000000000
15:49:26.078 0.0000000000 0.0000000000 18.2334327698 787.3756104505 259.3851346254 689.0000000000
15:49:26.109 0.0000000000 0.0000000000 17.9996814728 790.3293926298 256.7887286122 691.0000000000
15:49:26.140 0.0000000000 0.0000000000 17.7668056488 788.5096476452 252.6589313034 688.0000000000
15:49:26.171 0.0000000000 0.0000000000 17.7668056488 790.4142603207 253.2692185770 690.0000000000
15:49:26.203 0.0000000000 0.0000000000 17.5278015137 792.4174408510 250.2710519259 691.0000000000
15:49:26.234 0.0000000000 0.0000000000 17.3028068542 793.3941173813 247.1573881187 691.0000000000
15:49:26.265 0.0000000000 0.0000000000 17.3028068542 798.1678485328 248.6444963504 696.0000000000
15:49:26.296 0.0000000000 0.0000000000 17.0743103027 827.8308400122 254.2677728724 726.0000000000
15:49:26.328 0.0000000000 0.0000000000 16.8300533295 828.9072802676 250.7363569892 726.0000000000
15:49:26.359 0.0000000000 0.0000000000 16.8300533295 835.6074545884 252.7630942859 733.0000000000
15:49:26.390 0.0000000000 0.0000000000 16.5971794128 862.5029735890 257.0770712196 760.0000000000
15:49:26.421 0.0000000000 0.0000000000 16.3485450745 863.6104319610 253.3318412769 760.0000000000
15:49:26.453 0.0000000000 0.0000000000 16.3485450745 863.6104319610 253.3318412769 760.0000000000
15:49:26.484 0.0000000000 0.0000000000 16.1305522919 841.5128811208 243.3763975913 736.0000000000
15:49:26.515 0.0000000000 0.0000000000 15.9020547867 840.5533170037 239.4705018803 734.0000000000
15:49:26.546 0.0000000000 0.0000000000 15.9020547867 842.4767799717 240.0184892988 736.0000000000
15:49:26.578 0.0000000000 0.0000000000 15.6577987671 858.8985901719 240.7430410155 752.0000000000
15:49:26.609 0.0000000000 0.0000000000 15.4336786270 859.8337155774 237.3815105542 752.0000000000
15:49:26.640 0.0000000000 0.0000000000 15.4336786270 859.8337155774 237.3815105542 752.0000000000
15:49:26.671 0.0000000000 0.0000000000 15.1937999725 861.7850604671 234.0416833653 753.0000000000
15:49:26.703 0.0000000000 0.0000000000 14.9705553055 862.6904259002 230.6820952236 753.0000000000
15:49:26.734 0.0000000000 0.0000000000 14.9705553055 862.6904259002 230.6820952236 753.0000000000
15:49:26.765 0.0000000000 0.0000000000 14.7254238129 864.6366216120 227.2432893709 754.0000000000
15:49:26.796 0.0000000000 0.0000000000 14.7254238129 864.6366216120 227.2432893709 754.0000000000
15:49:26.828 0.0000000000 0.0000000000 14.4960498810 890.7117079259 230.2881963114 780.0000000000
15:49:26.859 0.0000000000 0.0000000000 14.2658023834 894.5374331915 227.4462147755 783.0000000000
15:49:26.890 0.0000000000 0.0000000000 14.2658023834 884.8458033628 224.9820087649 773.0000000000
15:49:26.921 0.0000000000 0.0000000000 14.0267992020 895.4784151660 223.7127800739 783.0000000000
15:49:26.953 0.0000000000 0.0000000000 13.7956752777 902.2004697922 221.5294840494 789.0000000000
15:49:26.984 0.0000000000 0.0000000000 13.7956752777 902.2004697922 221.5294840494 789.0000000000
15:49:27.015 0.0000000000 0.0000000000 13.5540447235 903.1266890712 217.7227215606 789.0000000000
15:49:27.046 0.0000000000 0.0000000000 13.3229207993 902.0514311773 213.6169831907 787.0000000000
15:49:27.078 0.0000000000 0.0000000000 13.3229207993 900.1052576473 213.1561051256 785.0000000000
15:49:27.109 0.0000000000 0.0000000000 13.0988006592 902.8801194956 210.0868625501 787.0000000000
15:49:27.140 0.0000000000 0.0000000000 12.8597965240 901.7987846501 205.8736311434 785.0000000000
15:49:27.171 0.0000000000 0.0000000000 12.8597965240 901.7987846501 205.8736311434 785.0000000000
15:49:27.203 0.0000000000 0.0000000000 12.6304235458 902.6157328349 202.2618076541 785.0000000000
15:49:27.234 0.0000000000 0.0000000000 12.3922958374 900.5184542700 197.8648870207 782.0000000000
15:49:27.265 0.0000000000 0.0000000000 12.3922958374 900.5184542700 197.8648870207 782.0000000000
15:49:27.296 0.0000000000 0.0000000000 12.1620473862 906.1940977289 195.2978679808 787.0000000000
15:49:27.328 0.0000000000 0.0000000000 11.9317989349 914.7987564113 193.3086528452 795.0000000000
15:49:27.359 0.0000000000 0.0000000000 11.9317989349 913.8203620194 193.1019056229 794.0000000000
15:49:27.390 0.0000000000 0.0000000000 11.6954221725 915.5884741876 189.5329679271 795.0000000000
15:49:27.421 0.0000000000 0.0000000000 11.4537925720 922.2601454781 186.8615103739 801.0000000000
15:49:27.453 0.0000000000 0.0000000000 11.4537925720 922.2601454781 186.8615103739 801.0000000000
15:49:27.484 0.0000000000 0.0000000000 11.2217931747 923.0092138067 183.1256159701 801.0000000000
15:49:27.515 0.0000000000 0.0000000000 10.9897937775 911.9632149414 177.0991095128 789.0000000000
15:49:27.546 0.0000000000 0.0000000000 10.9897937775 909.0182314701 176.5272071139 786.0000000000
15:49:27.578 0.0000000000 0.0000000000 10.7507915497 912.6940254977 173.2934384715 789.0000000000
15:49:27.609 0.0000000000 0.0000000000 10.7507915497 916.6238167808 174.0395889062 793.0000000000
15:49:27.640 0.0000000000 0.0000000000 10.5205430984 917.3158079593 170.3546549538 793.0000000000
15:49:27.671 0.0000000000 0.0000000000 10.2946720123 924.8675610217 167.9880786433 800.0000000000
15:49:27.703 0.0000000000 0.0000000000 10.2946720123 925.8514626824 168.1667893653 801.0000000000
15:49:27.734 0.0000000000 0.0000000000 10.0600461960 926.5323398081 164.3740347079 801.0000000000
15:49:27.765 0.0000000000 0.0000000000 9.8227939606 930.1610601739 161.0478256068 804.0000000000
15:49:27.796 0.0000000000 0.0000000000 9.8227939606 927.2050398555 160.5360210763 801.0000000000
15:49:27.828 0.0000000000 0.0000000000 9.5837898254 925.8945459949 156.3339044911 799.0000000000
15:49:27.859 0.0000000000 0.0000000000 9.3587942123 928.4746940467 153.0220327648 801.0000000000
15:49:27.890 0.0000000000 0.0000000000 9.3587942123 930.4480727800 153.3472655656 803.0000000000
15:49:27.921 0.0000000000 0.0000000000 9.1145381927 927.1438517541 148.7456827980 799.0000000000
15:49:27.953 0.0000000000 0.0000000000 8.8895425797 931.6727655667 145.7218511338 803.0000000000
15:49:27.984 0.0000000000 0.0000000000 8.8895425797 927.7208132207 145.1037308745 799.0000000000
15:49:28.015 0.0000000000 0.0000000000 8.6496639252 928.3201825826 141.2184074628 799.0000000000
15:49:28.046 0.0000000000 0.0000000000 8.4211654663 940.7466045926 139.2724881087 811.0000000000
15:49:28.078 0.0000000000 0.0000000000 8.4211654663 942.7250411953 139.5653850343 813.0000000000
15:49:28.109 0.0000000000 0.0000000000 8.1917924881 929.4190562987 133.7954326028 799.0000000000
15:49:28.140 0.0000000000 0.0000000000 7.9475364685 938.8945443862 131.0764453225 808.0000000000
15:49:28.171 0.0000000000 0.0000000000 7.9475364685 939.8849394752 131.2147116150 809.0000000000
15:49:28.203 0.0000000000 0.0000000000 7.7225403786 940.3929613215 127.5228540042 809.0000000000
15:49:28.234 0.0000000000 0.0000000000 7.7225403786 940.3929613215 127.5228540042 809.0000000000
15:49:28.265 0.0000000000 0.0000000000 7.4835376740 934.9678310294 122.8175677037 803.0000000000
15:49:28.296 0.0000000000 0.0000000000 7.2445340157 927.5358804818 117.9075502900 795.0000000000
15:49:28.328 0.0000000000 0.0000000000 7.2445340157 935.4720163576 118.9163849449 803.0000000000
15:49:28.359 0.0000000000 0.0000000000 7.0151610374 939.9106339827 115.6589820237 807.0000000000
15:49:28.390 0.0000000000 0.0000000000 6.7857875824 940.3661211242 111.8953003404 807.0000000000
15:49:28.421 0.0000000000 0.0000000000 6.7857875824 940.3661211242 111.8953003404 807.0000000000
15:49:28.453 0.0000000000 0.0000000000 6.5555391312 947.7624202232 108.9146216500 814.0000000000
15:49:28.484 0.0000000000 0.0000000000 6.3165359497 948.2084987698 104.9601965377 814.0000000000
15:49:28.515 0.0000000000 0.0000000000 6.3165359497 956.1599327217 105.8403659007 822.0000000000
15:49:28.546 0.0000000000 0.0000000000 6.0784082413 948.6365345846 101.0184401372 814.0000000000
15:49:28.578 0.0000000000 0.0000000000 5.8525366783 941.0690963186 96.4621995943 806.0000000000
15:49:28.609 0.0000000000 0.0000000000 5.8525366783 941.0690963186 96.4621995943 806.0000000000
15:49:28.640 0.0000000000 0.0000000000 5.6109075546 946.4435733852 92.9815164124 811.0000000000
15:49:28.671 0.0000000000 0.0000000000 5.3789081573 937.8519411453 88.3047931113 802.0000000000
15:49:28.703 0.0000000000 0.0000000000 5.3789081573 946.8123100098 89.1484694786 811.0000000000
15:49:28.734 0.0000000000 0.0000000000 5.1539120674 949.1470019525 85.6093959861 813.0000000000
15:49:28.765 0.0000000000 0.0000000000 4.9105315208 949.5020886894 81.5768568342 813.0000000000
15:49:28.796 0.0000000000 0.0000000000 4.9105315208 957.4727253206 82.2616573113 821.0000000000
15:49:28.828 0.0000000000 0.0000000000 4.6855359077 956.7917185056 78.4194325122 820.0000000000
15:49:28.859 0.0000000000 0.0000000000 4.4465327263 950.1315806498 73.8849067692 813.0000000000
15:49:28.890 0.0000000000 0.0000000000 4.4465327263 950.1315806498 73.8849067692 813.0000000000
15:49:28.921 0.0000000000 0.0000000000 4.2162837982 956.4045837066 70.5072497085 819.0000000000
15:49:28.953 0.0000000000 0.0000000000 3.9755294323 955.6948141340 66.4185383299 818.0000000000
15:49:28.984 0.0000000000 0.0000000000 3.9755294323 955.6948141340 66.4185383299 818.0000000000
15:49:29.015 0.0000000000 0.0000000000 3.7435302734 948.9708532663 62.0912203743 811.0000000000
15:49:29.046 0.0000000000 0.0000000000 3.7435302734 948.9708532663 62.0912203743 811.0000000000
15:49:29.078 0.0000000000 0.0000000000 3.5185344219 949.2073629137 58.3642200915 811.0000000000
15:49:29.109 0.0000000000 0.0000000000 3.2742781639 953.4410181474 54.5456222854 815.0000000000
15:49:29.140 0.0000000000 0.0000000000 3.0492825508 953.6478622451 50.8011302223 815.0000000000
15:49:29.171 0.0000000000 0.0000000000 3.0492825508 960.6379512877 51.1734945276 822.0000000000
15:49:29.203 0.0000000000 0.0000000000 2.8067772388 953.8543363039 46.7643572677 815.0000000000
15:49:29.234 0.0000000000 0.0000000000 2.8067772388 953.8543363039 46.7643572677 815.0000000000
15:49:29.265 0.0000000000 0.0000000000 2.5817813873 962.0225006604 43.3786608771 823.0000000000
15:49:29.296 0.0000000000 0.0000000000 2.3392760754 961.1983174292 39.2656919921 822.0000000000
15:49:29.328 0.0000000000 0.0000000000 2.3392760754 954.2041508783 38.9799748986 815.0000000000
15:49:29.359 0.0000000000 0.0000000000 2.1107785702 961.3472662833 35.4320985280 822.0000000000
15:49:29.390 0.0000000000 0.0000000000 1.8822810650 965.4787671791 31.7293259103 826.0000000000
15:49:29.421 0.0000000000 0.0000000000 1.8822810650 965.4787671791 31.7293259103 826.0000000000
15:49:29.453 0.0000000000 0.0000000000 1.6397758722 965.6044137313 27.6426514458 826.0000000000
15:49:29.484 0.0000000000 0.0000000000 1.4139046669 974.7031428084 24.0579175263 835.0000000000
15:49:29.515 0.0000000000 0.0000000000 1.4139046669 971.7040562152 23.9838931647 832.0000000000
15:49:29.546 0.0000000000 0.0000000000 1.1705241203 974.7965418979 19.9173768419 835.0000000000
15:49:29.578 0.0000000000 0.0000000000 0.9402755499 973.8688451841 15.9835032490 834.0000000000
15:49:29.609 0.0000000000 0.0000000000 0.9402755499 971.8691144959 15.9506829137 832.0000000000
15:49:29.640 0.0000000000 0.0000000000 0.6986458302 971.9277396972 11.8519535728 832.0000000000
15:49:29.671 0.0000000000 0.0000000000 0.4710237086 961.9674925483 7.9084307355 822.0000000000
15:49:29.703 0.0000000000 0.0000000000 0.4710237086 961.9674925483 7.9084307355 822.0000000000
15:49:29.734 0.0000000000 0.0000000000 0.2425260842 963.9913638907 4.0804828729 824.0000000000
15:49:29.765 0.0000000000 0.0000000000 0.0026473652 961.9999989712 0.0444494403 822.0000000000
15:49:29.796 0.0000000000 0.0000000000 0.0026473652 955.9999989776 0.0441722089 816.0000000000
15:49:29.828 0.0000000000 0.0000000000 -0.2214729190 955.9928579405 -3.6953434458 816.0000000000
15:49:29.859 0.0000000000 0.0000000000 -0.2214729190 961.9928131159 -3.7185359779 822.0000000000
15:49:29.890 0.0000000000 0.0000000000 -0.4657289982 952.9685165850 -7.7463794271 813.0000000000
15:49:29.921 0.0000000000 0.0000000000 -0.6959775686 961.9290283393 -11.6852229210 822.0000000000
15:49:29.953 0.0000000000 0.0000000000 -0.6959775686 952.9296923153 -11.5759017086 813.0000000000
15:49:29.984 0.0000000000 0.0000000000 -0.9314789176 952.8740627688 -15.4925949702 813.0000000000
15:49:30.015 0.0000000000 0.0000000000 -1.1599766016 970.8010116745 -19.6569511415 831.0000000000
15:49:30.046 0.0000000000 0.0000000000 -1.1599766016 968.8014215372 -19.6164630856 829.0000000000
15:49:30.078 0.0000000000 0.0000000000 -1.3884741068 952.7201843765 -23.0922124962 813.0000000000
15:49:30.109 0.0000000000 0.0000000000 -1.6327302456 968.6065876355 -27.6093894443 829.0000000000
15:49:30.140 0.0000000000 0.0000000000 -1.6327302456 962.6090236254 -27.4384334725 823.0000000000
15:49:30.171 0.0000000000 0.0000000000 -1.8577260971 962.4938533754 -31.2182992965 823.0000000000
15:49:30.203 0.0000000000 0.0000000000 -2.0967292786 962.3552560433 -35.2329556287 823.0000000000
15:49:30.234 0.0000000000 0.0000000000 -2.0967292786 962.3552560433 -35.2329556287 823.0000000000
15:49:30.265 0.0000000000 0.0000000000 -2.3287289143 950.2146136621 -38.6417905835 811.0000000000
15:49:30.296 0.0000000000 0.0000000000 -2.5633547306 954.0444067092 -42.7114741408 815.0000000000
15:49:30.328 0.0000000000 0.0000000000 -2.5633547306 962.0364017393 -43.0692665943 823.0000000000
15:49:30.359 0.0000000000 0.0000000000 -2.8049845695 961.8462140695 -47.1260063711 823.0000000000
15:49:30.390 0.0000000000 0.0000000000 -3.0343575478 969.6386306482 -51.3996687836 831.0000000000
15:49:30.421 0.0000000000 0.0000000000 -3.0343575478 961.6498468735 -50.9761905650 823.0000000000
15:49:30.453 0.0000000000 0.0000000000 -3.2584779263 958.4479400860 -54.5668960206 820.0000000000
15:49:30.484 0.0000000000 0.0000000000 -3.5027339458 960.2028726675 -58.7745124820 822.0000000000
15:49:30.515 0.0000000000 0.0000000000 -3.5027339458 958.2066088990 -58.6523201483 820.0000000000
15:49:30.546 0.0000000000 0.0000000000 -3.7329826355 952.9737808398 -62.1769493329 815.0000000000
15:49:30.578 0.0000000000 0.0000000000 -3.9719860554 955.6989198675 -66.3594346009 818.0000000000
15:49:30.609 0.0000000000 0.0000000000 -3.9719860554 952.7061257552 -66.1516284383 815.0000000000
15:49:30.640 0.0000000000 0.0000000000 -4.1969819069 952.4390086925 -69.8923079986 815.0000000000
15:49:30.671 0.0000000000 0.0000000000 -4.1969819069 952.4390086925 -69.8923079986 815.0000000000
15:49:30.703 0.0000000000 0.0000000000 -4.4359850883 952.1391748403 -73.8646852760 815.0000000000
15:49:30.734 0.0000000000 0.0000000000 -4.6644825935 948.8469651962 -77.4172889889 812.0000000000
15:49:30.765 0.0000000000 0.0000000000 -4.6644825935 951.8370291622 -77.6612510340 815.0000000000
15:49:30.796 0.0000000000 0.0000000000 -4.9034857750 956.4864938198 -82.0584373286 820.0000000000
15:49:30.828 0.0000000000 0.0000000000 -5.1337347031 956.1490112988 -85.9015028321 820.0000000000
15:49:30.859 0.0000000000 0.0000000000 -5.1337347031 961.1289540660 -86.3489064927 825.0000000000
15:49:30.890 0.0000000000 0.0000000000 -5.3639831543 961.7698140943 -90.3040679780 826.0000000000
15:49:30.921 0.0000000000 0.0000000000 -5.6038618088 961.3833126099 -94.3298798455 826.0000000000
15:49:30.953 0.0000000000 0.0000000000 -5.6038618088 963.3737542509 -94.5251798038 828.0000000000
15:49:30.984 0.0000000000 0.0000000000 -5.8419895172 960.9829650353 -98.3246709042 826.0000000000
15:49:31.015 0.0000000000 0.0000000000 -6.0713629723 960.5816401395 -102.1709969773 826.0000000000
15:49:31.046 0.0000000000 0.0000000000 -6.0713629723 970.5255494577 -103.2286677535 836.0000000000
15:49:31.078 0.0000000000 0.0000000000 -6.3007359505 972.0924358516 -107.3326425486 838.0000000000
15:49:31.109 0.0000000000 0.0000000000 -6.5397391319 971.6362531343 -111.3866760056 838.0000000000
15:49:31.140 0.0000000000 0.0000000000 -6.5397391319 972.6297462356 -111.5005683124 839.0000000000
15:49:31.171 0.0000000000 0.0000000000 -6.7647352219 971.1913557499 -115.2013477046 838.0000000000
15:49:31.203 0.0000000000 0.0000000000 -6.7647352219 971.1913557499 -115.2013477046 838.0000000000
15:49:31.234 0.0000000000 0.0000000000 -7.0037384033 981.6202776867 -120.5928291009 849.0000000000
15:49:31.265 0.0000000000 0.0000000000 -7.2488694191 1003.9115289644 -127.6935472472 872.0000000000
15:49:31.296 0.0000000000 0.0000000000 -7.4782428741 990.5028606992 -130.0195483107 859.0000000000
15:49:31.328 0.0000000000 0.0000000000 -7.4782428741 1001.4092986048 -131.4511949888 870.0000000000
15:49:31.359 0.0000000000 0.0000000000 -7.7032384872 989.9846493024 -133.9081556214 859.0000000000
15:49:31.390 0.0000000000 0.0000000000 -7.9466195107 989.4069043911 -138.1121918570 859.0000000000
15:49:31.421 0.0000000000 0.0000000000 -7.9466195107 989.4069043911 -138.1121918570 859.0000000000
15:49:31.453 0.0000000000 0.0000000000 -8.1707401276 985.8895439819 -141.5549612814 856.0000000000
15:49:31.484 0.0000000000 0.0000000000 -8.1707401276 978.9606014037 -140.5600970957 849.0000000000
15:49:31.515 0.0000000000 0.0000000000 -8.4009885788 985.3127330547 -145.5156970110 856.0000000000
15:49:31.546 0.0000000000 0.0000000000 -8.6408672333 989.6381202677 -150.3907939647 861.0000000000
15:49:31.578 0.0000000000 0.0000000000 -8.6408672333 989.6381202677 -150.3907939647 861.0000000000
15:49:31.609 0.0000000000 0.0000000000 -8.8842477798 988.9903650255 -154.5932012833 861.0000000000
15:49:31.640 0.0000000000 0.0000000000 -9.1136217117 984.4140492236 -157.9176357707 857.0000000000
15:49:31.671 0.0000000000 0.0000000000 -9.1136217117 974.5402874461 -156.3337076286 847.0000000000
15:49:31.703 0.0000000000 0.0000000000 -9.3482465744 979.8122511757 -161.2977136919 853.0000000000
15:49:31.734 0.0000000000 0.0000000000 -9.5732421875 977.1991482241 -164.8114823256 851.0000000000
15:49:31.765 0.0000000000 0.0000000000 -9.5732421875 977.1991482241 -164.8114823256 851.0000000000
15:49:31.796 0.0000000000 0.0000000000 -9.8017406464 976.5341025170 -168.7072808670 851.0000000000
15:49:31.828 0.0000000000 0.0000000000 -10.0512495041 976.7748192491 -173.1327596878 852.0000000000
15:49:31.859 0.0000000000 0.0000000000 -10.0512495041 975.7901672136 -172.9582306962 851.0000000000
15:49:31.890 0.0000000000 0.0000000000 -10.2788715363 976.0792991124 -177.0118692082 852.0000000000
15:49:31.921 0.0000000000 0.0000000000 -10.5064935684 983.2342477392 -182.3469606795 860.0000000000
15:49:31.953 0.0000000000 0.0000000000 -10.5064935684 980.2845449959 -181.7999197975 857.0000000000
15:49:31.984 0.0000000000 0.0000000000 -10.7454957962 982.4650579367 -186.4468018758 860.0000000000
15:49:32.015 0.0000000000 0.0000000000 -10.9739942551 992.5125384030 -192.4574267446 871.0000000000
15:49:32.046 0.0000000000 0.0000000000 -10.9739942551 992.5125384030 -192.4574267446 871.0000000000
15:49:32.078 0.0000000000 0.0000000000 -11.2129964828 993.6629155899 -196.9847968183 873.0000000000
15:49:32.109 0.0000000000 0.0000000000 -11.2129964828 996.6056488049 -197.5681673913 876.0000000000
15:49:32.140 0.0000000000 0.0000000000 -11.4379930496 990.9214305880 -200.4886989277 871.0000000000
15:49:32.171 0.0000000000 0.0000000000 -11.6769952774 994.9730188795 -205.6324188886 876.0000000000
15:49:32.203 0.0000000000 0.0000000000 -11.9072437286 994.1386340413 -209.6291399180 876.0000000000
15:49:32.234 0.0000000000 0.0000000000 -11.9072437286 994.1386340413 -209.6291399180 876.0000000000
15:49:32.265 0.0000000000 0.0000000000 -12.1471223831 993.2522753562 -213.7894232555 876.0000000000
15:49:32.296 0.0000000000 0.0000000000 -12.1471223831 1004.9836014431 -216.3144951837 888.0000000000
15:49:32.328 0.0000000000 0.0000000000 -12.3852500916 1004.0758969778 -220.4894398933 888.0000000000
15:49:32.359 0.0000000000 0.0000000000 -12.6102457047 1016.8646026626 -227.4870982012 902.0000000000
15:49:32.390 0.0000000000 0.0000000000 -12.6102457047 1003.2023143350 -224.4306496649 888.0000000000
15:49:32.421 0.0000000000 0.0000000000 -12.8545026779 1002.2364334860 -228.7053374747 888.0000000000
15:49:32.453 0.0000000000 0.0000000000 -13.0830001831 1001.3163813072 -232.7004609406 888.0000000000
15:49:32.484 0.0000000000 0.0000000000 -13.0830001831 1003.2644676522 -233.1531855728 890.0000000000
15:49:32.515 0.0000000000 0.0000000000 -13.3079957962 999.4217216727 -236.4005546629 887.0000000000
15:49:32.546 0.0000000000 0.0000000000 -13.5487499237 998.4195576791 -240.5979776310 887.0000000000
15:49:32.578 0.0000000000 0.0000000000 -13.5487499237 996.4752157946 -240.1294323971 885.0000000000
15:49:32.609 0.0000000000 0.0000000000 -13.7877531052 995.4648750225 -244.2840203384 885.0000000000
15:49:32.640 0.0000000000 0.0000000000 -14.0162506104 1003.2147921891 -250.4317885755 894.0000000000
15:49:32.671 0.0000000000 0.0000000000 -14.0162506104 1004.1850192608 -250.6739856631 895.0000000000
15:49:32.703 0.0000000000 0.0000000000 -14.2464990616 1003.1695567764 -254.7073621887 895.0000000000
15:49:32.734 0.0000000000 0.0000000000 -14.4855031967 1007.9076091216 -260.3905748503 901.0000000000
15:49:32.765 0.0000000000 0.0000000000 -14.4855031967 1006.9393981619 -260.1404398120 900.0000000000
15:49:32.796 0.0000000000 0.0000000000 -14.7245063782 1005.8454928258 -264.3385037373 900.0000000000
15:49:32.828 0.0000000000 0.0000000000 -14.7245063782 1020.3528797416 -268.1510783105 915.0000000000
15:49:32.859 0.0000000000 0.0000000000 -14.9512529373 1014.4529630200 -270.8970022280 910.0000000000
15:49:32.890 0.0000000000 0.0000000000 -15.1806268692 1013.3603465992 -274.9560109116 910.0000000000
15:49:32.921 0.0000000000 0.0000000000 -15.1806268692 1036.5228688072 -281.2407197325 934.0000000000
15:49:32.953 0.0000000000 0.0000000000 -15.4222564697 1012.1917854040 -279.2271289769 910.0000000000
15:49:32.984 0.0000000000 0.0000000000 -15.6525058746 1011.0615103840 -283.2924676303 910.0000000000
15:49:33.015 0.0000000000 0.0000000000 -15.8818788528 1009.9193029127 -287.3377831064 910.0000000000
15:49:33.046 0.0000000000 0.0000000000 -15.8818788528 1011.8429587277 -287.8850931694 912.0000000000
15:49:33.078 0.0000000000 0.0000000000 -16.1217556000 996.2187167287 -287.9535872943 897.0000000000
15:49:33.109 0.0000000000 0.0000000000 -16.1217556000 1010.6288235280 -292.1187790102 912.0000000000
15:49:33.140 0.0000000000 0.0000000000 -16.3502540588 1017.1322754074 -298.3989516078 920.0000000000
15:49:33.171 0.0000000000 0.0000000000 -16.5918827057 1015.8648216795 -302.6857513498 920.0000000000
15:49:33.203 0.0000000000 0.0000000000 -16.5918827057 1015.8648216795 -302.6857513498 920.0000000000
15:49:33.234 0.0000000000 0.0000000000 -16.8238830566 1011.7592742276 -305.9283756215 917.0000000000
15:49:33.265 0.0000000000 0.0000000000 -17.0480041504 1007.6866733916 -309.0041557409 914.0000000000
15:49:33.296 0.0000000000 0.0000000000 -17.0480041504 1010.5548517788 -309.8836742107 917.0000000000
15:49:33.328 0.0000000000 0.0000000000 -17.2922592163 1020.6822334836 -317.7558469124 929.0000000000
15:49:33.359 0.0000000000 0.0000000000 -17.5172538757 1019.4265722981 -321.7615012529 929.0000000000
15:49:33.390 0.0000000000 0.0000000000 -17.5172538757 1095.7166806087 -345.8409400745 1009.0000000000
15:49:33.421 0.0000000000 0.0000000000 -17.7562580109 1174.2629573213 -376.0259393424 1093.0000000000
15:49:33.453 0.0000000000 0.0000000000 -17.9978885651 1048.0768295302 -340.4981048374 962.0000000000
15:49:33.484 0.0000000000 0.0000000000 -17.9978885651 1048.0768295302 -340.4981048374 962.0000000000
15:49:33.515 0.0000000000 0.0000000000 -18.2281379700 1028.6534888105 -338.7639295348 943.0000000000
15:49:33.546 0.0000000000 0.0000000000 -18.4557609558 1016.8652913691 -339.3655539457 932.0000000000
15:49:33.578 0.0000000000 0.0000000000 -18.4557609558 1024.4538383196 -341.8981327065 940.0000000000
15:49:33.609 0.0000000000 0.0000000000 -18.6842575073 1015.5038130613 -343.4181207420 932.0000000000
15:49:33.640 0.0000000000 0.0000000000 -18.6842575073 1015.5038130613 -343.4181207420 932.0000000000
15:49:33.671 0.0000000000 0.0000000000 -18.9232616425 1054.7384567797 -361.5961667190 975.0000000000
15:49:33.703 0.0000000000 0.0000000000 -19.1631393433 1052.2707510492 -365.6805525076 974.0000000000
15:49:33.734 0.0000000000 0.0000000000 -19.1631393433 1012.5980656415 -351.8936735082 932.0000000000
15:49:33.765 0.0000000000 0.0000000000 -19.3925113678 1050.7983950480 -369.8901633735 974.0000000000
15:49:33.796 0.0000000000 0.0000000000 -19.6341419220 1089.7290044632 -388.7668926586 1017.0000000000
15:49:33.828 0.0000000000 0.0000000000 -19.6341419220 1089.7290044632 -388.7668926586 1017.0000000000
15:49:33.859 0.0000000000 0.0000000000 -19.8626384735 1088.1699338697 -393.1096475765 1017.0000000000
15:49:33.890 0.0000000000 0.0000000000 -20.0902614594 1025.5546940491 -375.1020787862 952.0000000000
15:49:33.921 0.0000000000 0.0000000000 -20.0902614594 1003.0150304436 -366.8580770546 928.0000000000
15:49:33.953 0.0000000000 0.0000000000 -20.3205108643 1001.5326758469 -370.8858304209 928.0000000000
15:49:33.984 0.0000000000 0.0000000000 -20.5647678375 970.9179135984 -364.2628241392 897.0000000000
15:49:34.015 0.0000000000 0.0000000000 -20.5647678375 970.9179135984 -364.2628241392 897.0000000000
15:49:34.046 0.0000000000 0.0000000000 -20.7897624969 972.2846757742 -369.1375207843 900.0000000000
15:49:34.078 0.0000000000 0.0000000000 -21.0322685242 990.3145338459 -380.7861920418 921.0000000000
15:49:34.109 0.0000000000 0.0000000000 -21.0322685242 990.3145338459 -380.7861920418 921.0000000000
15:49:34.140 0.0000000000 0.0000000000 -21.2598915100 997.1814542017 -387.9808595694 930.0000000000
15:49:34.171 0.0000000000 0.0000000000 -21.4927654266 999.3181616034 -393.4961396070 934.0000000000
15:49:34.203 0.0000000000 0.0000000000 -21.4927654266 999.3181616034 -393.4961396070 934.0000000000
15:49:34.234 0.0000000000 0.0000000000 -21.7317695618 997.6680386104 -397.6612688347 934.0000000000
15:49:34.265 0.0000000000 0.0000000000 -21.9602680206 950.6294891006 -383.3126327797 885.0000000000
15:49:34.296 0.0000000000 0.0000000000 -21.9602680206 949.7020456966 -382.9386692355 884.0000000000
15:49:34.328 0.0000000000 0.0000000000 -22.1992702484 949.0222820563 -387.2747192329 885.0000000000
15:49:34.359 0.0000000000 0.0000000000 -22.1992702484 958.2810360276 -391.0530091766 895.0000000000
15:49:34.390 0.0000000000 0.0000000000 -22.4251422882 952.1100866810 -392.9203263212 890.0000000000
15:49:34.421 0.0000000000 0.0000000000 -22.6685218811 950.4324647403 -396.9611189574 890.0000000000
15:49:34.453 0.0000000000 0.0000000000 -22.6685218811 952.2779646718 -397.7319172466 892.0000000000
15:49:34.484 0.0000000000 0.0000000000 -22.9013977051 946.9688383421 -400.0425217464 888.0000000000
15:49:34.515 0.0000000000 0.0000000000 -23.1333961487 945.3412529049 -403.8736381003 888.0000000000
15:49:34.546 0.0000000000 0.0000000000 -23.1333961487 942.5824749295 -402.6950185339 885.0000000000
15:49:34.578 0.0000000000 0.0000000000 -23.3627700806 936.3727423803 -404.4824932224 880.0000000000
15:49:34.609 0.0000000000 0.0000000000 -23.5912666321 934.7522173773 -408.2135373851 880.0000000000
15:49:34.640 0.0000000000 0.0000000000 -23.8355236053 928.4299317445 -410.1741847523 875.0000000000
15:49:34.671 0.0000000000 0.0000000000 -23.8355236053 911.9651644820 -402.9001598010 857.0000000000
15:49:34.703 0.0000000000 0.0000000000 -24.0605182648 923.1596040890 -412.1860567443 871.0000000000
15:49:34.734 0.0000000000 0.0000000000 -24.0605182648 926.8120654306 -413.8168621123 875.0000000000
15:49:34.765 0.0000000000 0.0000000000 -24.3047733307 925.0395249222 -417.7641407875 875.0000000000
15:49:34.796 0.0000000000 0.0000000000 -24.5350227356 929.7211821721 -424.3848765174 882.0000000000
15:49:34.828 0.0000000000 0.0000000000 -24.5350227356 926.0823517135 -422.7238789576 878.0000000000
15:49:34.859 0.0000000000 0.0000000000 -24.7600173950 921.6910123739 -425.1007853503 875.0000000000
15:49:34.890 0.0000000000 0.0000000000 -24.9990215302 919.9097292375 -428.9418259513 875.0000000000
15:49:34.921 0.0000000000 0.0000000000 -24.9990215302 906.3150041748 -422.6027841885 860.0000000000
15:49:34.953 0.0000000000 0.0000000000 -25.2275180817 904.6224543552 -426.2138137985 860.0000000000
15:49:34.984 0.0000000000 0.0000000000 -25.4665222168 902.8366768371 -429.9836449843 860.0000000000
15:49:35.015 0.0000000000 0.0000000000 -25.4665222168 912.7678802823 -434.7134650792 871.0000000000
15:49:35.046 0.0000000000 0.0000000000 -25.6967716217 911.0135707739 -438.3780033966 871.0000000000
15:49:35.078 0.0000000000 0.0000000000 -25.9384021759 919.0486388509 -447.0275152856 882.0000000000
15:49:35.109 0.0000000000 0.0000000000 -25.9384021759 909.1567259083 -442.2160645340 871.0000000000
15:49:35.140 0.0000000000 0.0000000000 -26.1660251617 902.9051329465 -443.6195677549 866.0000000000
15:49:35.171 0.0000000000 0.0000000000 -26.4050273895 905.5251426657 -449.6056227367 871.0000000000
15:49:35.203 0.0000000000 0.0000000000 -26.4050273895 901.0467789532 -447.3820538804 866.0000000000
15:49:35.234 0.0000000000 0.0000000000 -26.6335258484 899.2554361239 -450.9719066614 866.0000000000
15:49:35.265 0.0000000000 0.0000000000 -26.6335258484 899.2554361239 -450.9719066614 866.0000000000
15:49:35.296 0.0000000000 0.0000000000 -26.8637752533 899.2200663579 -455.4857541742 868.0000000000
15:49:35.328 0.0000000000 0.0000000000 -27.0975265503 891.1227020509 -455.9619829392 861.0000000000
15:49:35.359 0.0000000000 0.0000000000 -27.0975265503 897.3543293379 -459.1505282744 868.0000000000
15:49:35.390 0.0000000000 0.0000000000 -27.3417816162 892.7239495636 -461.5939231314 865.0000000000
15:49:35.421 0.0000000000 0.0000000000 -27.5667762756 890.9044390233 -465.0959906566 865.0000000000
15:49:35.453 0.0000000000 0.0000000000 -27.5667762756 893.5638552592 -466.4843368974 868.0000000000
15:49:35.484 0.0000000000 0.0000000000 -27.8022785187 889.8698019764 -469.2203485856 866.0000000000
15:49:35.515 0.0000000000 0.0000000000 -28.0412826538 887.9047554814 -472.9282664313 866.0000000000
15:49:35.546 0.0000000000 0.0000000000 -28.0412826538 889.6699736832 -473.8684816727 868.0000000000
15:49:35.578 0.0000000000 0.0000000000 -28.2697792053 886.0116537080 -476.4654756536 866.0000000000
15:49:35.609 0.0000000000 0.0000000000 -28.5087833405 884.0164184789 -480.1572365965 866.0000000000
15:49:35.640 0.0000000000 0.0000000000 -28.5087833405 884.0164184789 -480.1572365965 866.0000000000
15:49:35.671 0.0000000000 0.0000000000 -28.7381534576 866.3042725241 -475.0377957625 848.0000000000
15:49:35.703 0.0000000000 0.0000000000 -28.9684028625 862.6385169916 -477.5466354178 846.0000000000
15:49:35.734 0.0000000000 0.0000000000 -28.9684028625 864.3882908597 -478.5152898507 848.0000000000
15:49:35.765 0.0000000000 0.0000000000 -29.2082824707 861.5044748357 -481.6420245726 847.0000000000
15:49:35.796 0.0000000000 0.0000000000 -29.4472846985 859.4878755393 -485.2314826938 847.0000000000
15:49:35.828 0.0000000000 0.0000000000 -29.4472846985 861.2294923084 -486.2147278461 849.0000000000
15:49:35.859 0.0000000000 0.0000000000 -29.6766567230 866.2268007424 -493.6194178432 857.0000000000
15:49:35.890 0.0000000000 0.0000000000 -29.9060268402 855.5753330891 -492.0973982920 847.0000000000
15:49:35.921 0.0000000000 0.0000000000 -29.9060268402 860.7763989438 -495.0888718379 853.0000000000
15:49:35.953 0.0000000000 0.0000000000 -30.1450290680 853.5151722109 -495.6620328430 847.0000000000
15:49:35.984 0.0000000000 0.0000000000 -30.1450290680 853.5151722109 -495.6620328430 847.0000000000
15:49:36.015 0.0000000000 0.0000000000 -30.3691482544 851.5698070605 -498.9968574043 847.0000000000
15:49:36.046 0.0000000000 0.0000000000 -30.6090278625 854.6371760747 -505.6127938130 853.0000000000
15:49:36.078 0.0000000000 0.0000000000 -30.6090278625 842.5879107524 -498.4843153504 839.0000000000
15:49:36.109 0.0000000000 0.0000000000 -30.8497829437 852.5050681556 -509.1994783631 853.0000000000
15:49:36.140 0.0000000000 0.0000000000 -31.0730266571 857.3666701408 -516.6462938297 861.0000000000
15:49:36.171 0.0000000000 0.0000000000 -31.0730266571 857.3666701408 -516.6462938297 861.0000000000
15:49:36.203 0.0000000000 0.0000000000 -31.3120288849 855.2040913060 -520.2181871193 861.0000000000
15:49:36.234 0.0000000000 0.0000000000 -31.5422782898 852.2543829947 -523.1275816306 860.0000000000
15:49:36.265 0.0000000000 0.0000000000 -31.5422782898 852.2543829947 -523.1275816306 860.0000000000
15:49:36.296 0.0000000000 0.0000000000 -31.7812805176 852.6150072675 -528.2581276028 863.0000000000
15:49:36.328 0.0000000000 0.0000000000 -32.0045242310 848.0062496412 -529.9862267698 860.0000000000
15:49:36.359 0.0000000000 0.0000000000 -32.0045242310 832.7421371476 -520.4464746879 842.0000000000
15:49:36.390 0.0000000000 0.0000000000 -32.2444038391 830.5558977046 -523.9283355426 842.0000000000
15:49:36.421 0.0000000000 0.0000000000 -32.4746551514 830.1309737248 -528.3356570014 844.0000000000
15:49:36.453 0.0000000000 0.0000000000 -32.4746551514 828.4437156481 -527.2618040400 842.0000000000
15:49:36.484 0.0000000000 0.0000000000 -32.7145347595 827.9117277103 -531.8065166168 844.0000000000
15:49:36.515 0.0000000000 0.0000000000 -32.9430313110 832.4979896247 -539.4544441074 852.0000000000
15:49:36.546 0.0000000000 0.0000000000 -32.9430313110 832.4979896247 -539.4544441074 852.0000000000
15:49:36.578 0.0000000000 0.0000000000 -33.1820335388 836.9359738525 -547.3008091240 860.0000000000
15:49:36.609 0.0000000000 0.0000000000 -33.4070281982 830.6064304904 -547.8302270086 855.0000000000
15:49:36.640 0.0000000000 0.0000000000 -33.4070281982 828.1020894940 -546.1784775804 852.0000000000
15:49:36.671 0.0000000000 0.0000000000 -33.6582870483 827.3636970218 -550.9131627096 854.0000000000
15:49:36.703 0.0000000000 0.0000000000 -33.6582870483 828.1960548659 -551.4674013038 855.0000000000
15:49:36.734 0.0000000000 0.0000000000 -33.8859100342 823.5082232569 -553.0806507414 852.0000000000
15:49:36.765 0.0000000000 0.0000000000 -34.1152801514 821.2875026384 -556.3729306916 852.0000000000
15:49:36.796 0.0000000000 0.0000000000 -34.1152801514 821.2875026384 -556.3729306916 852.0000000000
15:49:36.828 0.0000000000 0.0000000000 -34.3542823792 818.9595234479 -559.7939790229 852.0000000000
15:49:36.859 0.0000000000 0.0000000000 -34.5845336914 816.7033041817 -563.0805563460 852.0000000000
15:49:36.890 0.0000000000 0.0000000000 -34.5845336914 819.9964626663 -565.3510424603 856.0000000000
15:49:36.921 0.0000000000 0.0000000000 -34.8077774048 817.7874452252 -568.5417261981 856.0000000000
15:49:36.953 0.0000000000 0.0000000000 -35.0467796326 832.6010888818 -584.0072146721 877.0000000000
15:49:36.984 0.0000000000 0.0000000000 -35.0467796326 815.4087360140 -571.9480686464 856.0000000000
15:49:37.015 0.0000000000 0.0000000000 -35.2770271301 813.1037408953 -575.2202243823 856.0000000000
15:49:37.046 0.0000000000 0.0000000000 -35.5186576843 810.6706707267 -578.6441597560 856.0000000000
15:49:37.078 0.0000000000 0.0000000000 -35.5186576843 809.8567443505 -578.0631917242 855.0000000000
15:49:37.109 0.0000000000 0.0000000000 -35.7515335083 806.6889942993 -580.7657586951 854.0000000000
15:49:37.140 0.0000000000 0.0000000000 -35.9905357361 804.2593907612 -584.1256991169 854.0000000000
15:49:37.171 0.0000000000 0.0000000000 -35.9905357361 792.1226796330 -575.3109249853 839.0000000000
15:49:37.203 0.0000000000 0.0000000000 -36.2190322876 789.8220368148 -578.4653404985 839.0000000000
15:49:37.234 0.0000000000 0.0000000000 -36.4440269470 787.5443787647 -581.5624226792 839.0000000000
15:49:37.265 0.0000000000 0.0000000000 -36.4440269470 786.7399411970 -580.9683854752 838.0000000000
15:49:37.296 0.0000000000 0.0000000000 -36.6830291748 780.2999028706 -581.2581711912 833.0000000000
15:49:37.328 0.0000000000 0.0000000000 -36.9132804871 777.9577390664 -584.3892163816 833.0000000000
15:49:37.359 0.0000000000 0.0000000000 -36.9132804871 776.3586481331 -583.1880052482 831.0000000000
15:49:37.390 0.0000000000 0.0000000000 -37.1592864990 773.0505556639 -585.9119715316 830.0000000000
15:49:37.421 0.0000000000 0.0000000000 -37.1592864990 773.0505556639 -585.9119715316 830.0000000000
15:49:37.453 0.0000000000 0.0000000000 -37.3860321045 761.9855971833 -582.2876863558 819.0000000000
15:49:37.484 0.0000000000 0.0000000000 -37.6162796021 759.6394829907 -585.3450741896 819.0000000000
15:49:37.515 0.0000000000 0.0000000000 -37.6162796021 762.8079479876 -587.7865552081 823.0000000000
15:49:37.546 0.0000000000 0.0000000000 -37.8552818298 757.1911868012 -588.5087141470 819.0000000000
15:49:37.578 0.0000000000 0.0000000000 -38.0802803040 754.8743017646 -591.4776314721 819.0000000000
15:49:37.609 0.0000000000 0.0000000000 -38.0802803040 754.8743017646 -591.4776314721 819.0000000000
15:49:37.640 0.0000000000 0.0000000000 -38.3245315552 759.4065862838 -600.2713025834 828.0000000000
15:49:37.671 0.0000000000 0.0000000000 -38.5530319214 755.4425580442 -602.0486205383 826.0000000000
15:49:37.703 0.0000000000 0.0000000000 -38.5530319214 757.0066213114 -603.2950980135 828.0000000000
15:49:37.734 0.0000000000 0.0000000000 -38.7911567688 755.2721931688 -607.0625290877 829.0000000000
15:49:37.765 0.0000000000 0.0000000000 -39.0187797546 752.8545191844 -610.0582537266 829.0000000000
15:49:37.796 0.0000000000 0.0000000000 -39.0187797546 759.0700363707 -615.0948543766 837.0000000000
15:49:37.828 0.0000000000 0.0000000000 -39.2612876892 755.6855499039 -617.6692882626 836.0000000000
15:49:37.859 0.0000000000 0.0000000000 -39.4897842407 750.1293194750 -618.1342929012 832.0000000000
15:49:37.890 0.0000000000 0.0000000000 -39.4897842407 753.2162714070 -620.6780554234 836.0000000000
15:49:37.921 0.0000000000 0.0000000000 -39.7252845764 754.5043582110 -626.9642521204 841.0000000000
15:49:37.953 0.0000000000 0.0000000000 -39.9502830505 749.7366750074 -627.9959539242 838.0000000000
15:49:37.984 0.0000000000 0.0000000000 -39.9502830505 752.0364807590 -629.9223218810 841.0000000000
15:49:38.015 0.0000000000 0.0000000000 -40.1901626587 751.6843291667 -635.0013143935 844.0000000000
15:49:38.046 0.0000000000 0.0000000000 -40.4204101563 749.1264649522 -638.0168802661 844.0000000000
15:49:38.078 0.0000000000 0.0000000000 -40.4204101563 749.1264649522 -638.0168802661 844.0000000000
15:49:38.109 0.0000000000 0.0000000000 -40.6637916565 750.2022724088 -644.4513561697 849.0000000000
15:49:38.140 0.0000000000 0.0000000000 -40.8870353699 747.6855839904 -647.3694984236 849.0000000000
15:49:38.171 0.0000000000 0.0000000000 -40.8870353699 752.9775952017 -651.9514867846 856.0000000000
15:49:38.203 0.0000000000 0.0000000000 -41.1277885437 753.2444756496 -657.7406478998 860.0000000000
15:49:38.234 0.0000000000 0.0000000000 -41.1277885437 753.2444756496 -657.7406478998 860.0000000000
15:49:38.265 0.0000000000 0.0000000000 -41.3562850952 753.6178733653 -663.3823188333 864.0000000000
15:49:38.296 0.0000000000 0.0000000000 -41.5856590271 751.7040671696 -667.0577151919 865.0000000000
15:49:38.328 0.0000000000 0.0000000000 -41.5856590271 747.9642459399 -663.7390200914 860.0000000000
15:49:38.359 0.0000000000 0.0000000000 -41.8299140930 745.1279018801 -666.9215919702 860.0000000000
15:49:38.390 0.0000000000 0.0000000000 -42.0575370789 740.2450847450 -667.8669137689 857.0000000000
15:49:38.421 0.0000000000 0.0000000000 -42.0575370789 740.2450847450 -667.8669137689 857.0000000000
15:49:38.453 0.0000000000 0.0000000000 -42.2991638184 739.6409169257 -673.0017191698 860.0000000000
15:49:38.484 0.0000000000 0.0000000000 -42.5285339355 738.4146755441 -677.3092107283 862.0000000000
15:49:38.515 0.0000000000 0.0000000000 -42.5285339355 734.7299715743 -673.9294242476 857.0000000000
15:49:38.546 0.0000000000 0.0000000000 -42.7675361633 731.9123745599 -676.9883868741 857.0000000000
15:49:38.578 0.0000000000 0.0000000000 -42.9925346375 732.9054416055 -683.2668685524 862.0000000000
15:49:38.609 0.0000000000 0.0000000000 -42.9925346375 732.9054416055 -683.2668685524 862.0000000000
15:49:38.640 0.0000000000 0.0000000000 -43.2227821350 730.1537707002 -686.2065805051 862.0000000000
15:49:38.671 0.0000000000 0.0000000000 -43.4679145813 735.1946097307 -696.8915882827 873.0000000000
15:49:38.703 0.0000000000 0.0000000000 -43.4679145813 735.1946097307 -696.8915882827 873.0000000000
15:49:38.734 0.0000000000 0.0000000000 -43.6964111328 740.3626697428 -707.4172158263 884.0000000000
15:49:38.765 0.0000000000 0.0000000000 -43.9240341187 729.6235662971 -702.7221723413 873.0000000000
15:49:38.796 0.0000000000 0.0000000000 -43.9240341187 729.6235662971 -702.7221723413 873.0000000000
15:49:38.828 0.0000000000 0.0000000000 -44.1691665649 726.6103935460 -705.8373296923 873.0000000000
15:49:38.859 0.0000000000 0.0000000000 -44.3932876587 720.2710791434 -705.1762705494 868.0000000000
15:49:38.890 0.0000000000 0.0000000000 -44.3932876587 720.2710791434 -705.1762705494 868.0000000000
15:49:38.921 0.0000000000 0.0000000000 -44.6375389099 720.8162144238 -711.7534580316 873.0000000000
15:49:38.953 0.0000000000 0.0000000000 -44.6375389099 717.2583851325 -708.2403610028 868.0000000000
15:49:38.984 0.0000000000 0.0000000000 -44.8625373840 714.4716273176 -711.0515408564 868.0000000000
15:49:39.015 0.0000000000 0.0000000000 -45.0910339355 711.6302675212 -713.8952040348 868.0000000000
15:49:39.046 0.0000000000 0.0000000000 -45.0910339355 709.5123202964 -711.7705159276 865.0000000000
15:49:39.078 0.0000000000 0.0000000000 -45.3317871094 704.4062508407 -712.6119798128 862.0000000000
15:49:39.109 0.0000000000 0.0000000000 -45.5602836609 703.6592233382 -717.5574523391 865.0000000000
15:49:39.140 0.0000000000 0.0000000000 -45.5602836609 701.5587480446 -715.4154897948 862.0000000000
15:49:39.171 0.0000000000 0.0000000000 -45.7992858887 697.8712121199 -717.6188203292 861.0000000000
15:49:39.203 0.0000000000 0.0000000000 -46.0382881165 694.8716914224 -720.5236515591 861.0000000000
15:49:39.234 0.0000000000 0.0000000000 -46.0382881165 694.8716914224 -720.5236515591 861.0000000000
15:49:39.265 0.0000000000 0.0000000000 -46.2685394287 684.3664885219 -715.3618031349 850.0000000000
15:49:39.296 0.0000000000 0.0000000000 -46.5101661682 681.3436008344 -718.2415315187 850.0000000000
15:49:39.328 0.0000000000 0.0000000000 -46.5101661682 675.8377939590 -712.4375595468 842.0000000000
15:49:39.359 0.0000000000 0.0000000000 -46.7386627197 672.3058868304 -714.3989043451 841.0000000000
15:49:39.390 0.0000000000 0.0000000000 -46.9671592712 669.4515130338 -717.0743836543 841.0000000000
15:49:39.421 0.0000000000 0.0000000000 -46.9671592712 666.0394258114 -713.4195702819 836.0000000000
15:49:39.453 0.0000000000 0.0000000000 -47.1965332031 663.1780420522 -716.0802221373 836.0000000000
15:49:39.484 0.0000000000 0.0000000000 -47.4407882690 661.4720392316 -720.3740287594 838.0000000000
15:49:39.515 0.0000000000 0.0000000000 -47.4407882690 660.1193356749 -718.9008712364 836.0000000000
15:49:39.546 0.0000000000 0.0000000000 -47.6701583862 654.5425134047 -718.5806135307 832.0000000000
15:49:39.578 0.0000000000 0.0000000000 -47.9065322876 651.5724453739 -721.2748078409 832.0000000000
15:49:39.609 0.0000000000 0.0000000000 -47.9065322876 649.5614193079 -719.0486510265 829.0000000000
15:49:39.640 0.0000000000 0.0000000000 -48.1341552734 646.6996855363 -721.6235283883 829.0000000000
15:49:39.671 0.0000000000 0.0000000000 -48.1341552734 653.3735729000 -729.0706236245 839.0000000000
15:49:39.703 0.0000000000 0.0000000000 -48.3687820435 646.3965504290 -727.2554568994 833.0000000000
15:49:39.734 0.0000000000 0.0000000000 -48.6077842712 640.7124398611 -726.9446811166 829.0000000000
15:49:39.765 0.0000000000 0.0000000000 -48.6077842712 642.0348597576 -728.4450829352 831.0000000000
15:49:39.796 0.0000000000 0.0000000000 -48.8327827454 640.4858566303 -732.4662910011 833.0000000000
15:49:39.828 0.0000000000 0.0000000000 -49.0717849731 637.4249009953 -735.1316178668 833.0000000000
15:49:39.859 0.0000000000 0.0000000000 -49.0717849731 637.4249009953 -735.1316178668 833.0000000000
15:49:39.890 0.0000000000 0.0000000000 -49.3002815247 633.1839330214 -736.1515516250 831.0000000000
15:49:39.921 0.0000000000 0.0000000000 -49.5454139709 628.7309298877 -737.3319590245 829.0000000000
15:49:39.953 0.0000000000 0.0000000000 -49.5454139709 630.0286201455 -738.8538000132 831.0000000000
15:49:39.984 0.0000000000 0.0000000000 -49.7774162292 628.9689701974 -743.6894745290 834.0000000000
15:49:40.015 0.0000000000 0.0000000000 -50.0050392151 626.0095068494 -746.1823485788 834.0000000000
15:49:40.046 0.0000000000 0.0000000000 -50.0050392151 626.0095068494 -746.1823485788 834.0000000000
15:49:40.078 0.0000000000 0.0000000000 -50.2335357666 626.2270481537 -752.5162351452 839.0000000000
15:49:40.109 0.0000000000 0.0000000000 -50.4777908325 619.8314629218 -751.3221396769 834.0000000000
15:49:40.140 0.0000000000 0.0000000000 -50.4777908325 623.0133492818 -755.1790295109 839.0000000000
15:49:40.171 0.0000000000 0.0000000000 -50.7027854919 616.8763263355 -753.7503552259 834.0000000000
15:49:40.203 0.0000000000 0.0000000000 -50.9470405579 613.6574513258 -756.3732758557 834.0000000000
15:49:40.234 0.0000000000 0.0000000000 -50.9470405579 613.6574513258 -756.3732758557 834.0000000000
15:49:40.265 0.0000000000 0.0000000000 -51.1781616211 614.3627955295 -763.5170957258 840.0000000000
15:49:40.296 0.0000000000 0.0000000000 -51.4119148254 611.2427224698 -766.0171892484 840.0000000000
15:49:40.328 0.0000000000 0.0000000000 -51.4119148254 619.3510442985 -776.1786417589 853.0000000000
15:49:40.359 0.0000000000 0.0000000000 -51.6412849426 620.5829223432 -784.1408269515 860.0000000000
15:49:40.390 0.0000000000 0.0000000000 -51.8697814941 617.4508286079 -786.6094801410 860.0000000000
15:49:40.421 0.0000000000 0.0000000000 -51.8697814941 654.4978783245 -833.8060489495 920.0000000000
15:49:40.453 0.0000000000 0.0000000000 -52.1140365601 666.9037692362 -857.1087227269 946.0000000000
15:49:40.484 0.0000000000 0.0000000000 -52.1140365601 666.9037692362 -857.1087227269 946.0000000000
15:49:40.515 0.0000000000 0.0000000000 -52.3372802734 n/a n/a n/a
15:49:40.546 0.0000000000 0.0000000000 -52.5815353394 n/a n/a n/a
15:49:40.578 0.0000000000 0.0000000000 -52.5815353394 n/a n/a n/a
15:49:40.609 0.0000000000 0.0000000000 -52.8074073792 n/a n/a n/a
15:49:40.640 0.0000000000 0.0000000000 -53.0464096069 n/a n/a n/a
15:49:40.671 0.0000000000 0.0000000000 -53.0464096069 n/a n/a n/a
15:49:40.703 0.0000000000 0.0000000000 -53.2722778320 n/a n/a n/a
15:49:40.734 0.0000000000 0.0000000000 -53.5051536560 n/a n/a n/a
15:49:40.765 0.0000000000 0.0000000000 -53.5051536560 n/a n/a n/a
15:49:40.796 0.0000000000 0.0000000000 -53.7494087219 n/a n/a n/a
15:49:40.828 0.0000000000 0.0000000000 -53.9735260010 n/a n/a n/a
15:49:40.859 0.0000000000 0.0000000000 -53.9735260010 n/a n/a n/a
15:49:40.890 0.0000000000 0.0000000000 -54.2177810669 n/a n/a n/a
15:49:40.921 0.0000000000 0.0000000000 -54.4489059448 n/a n/a n/a
15:49:40.953 0.0000000000 0.0000000000 -54.4489059448 n/a n/a n/a
15:49:40.984 0.0000000000 0.0000000000 -54.6870346069 n/a n/a n/a
15:49:41.015 0.0000000000 0.0000000000 -54.9172821045 n/a n/a n/a
15:49:41.046 0.0000000000 0.0000000000 -54.9172821045 n/a n/a n/a
15:49:41.078 0.0000000000 0.0000000000 -55.1457786560 n/a n/a n/a
15:49:41.109 0.0000000000 0.0000000000 -55.3847808838 n/a n/a n/a
15:49:41.140 0.0000000000 0.0000000000 -55.3847808838 n/a n/a n/a
15:49:41.171 0.0000000000 0.0000000000 -55.6150321960 n/a n/a n/a
15:49:41.203 0.0000000000 0.0000000000 -55.8435287476 n/a n/a n/a
15:49:41.234 0.0000000000 0.0000000000 -55.8435287476 n/a n/a n/a
15:49:41.265 0.0000000000 0.0000000000 -56.0851554871 n/a n/a n/a
15:49:41.296 0.0000000000 0.0000000000 -56.0851554871 n/a n/a n/a
15:49:41.328 0.0000000000 0.0000000000 -56.3232841492 n/a n/a n/a
15:49:41.359 0.0000000000 0.0000000000 -56.5482788086 n/a n/a n/a
15:49:41.390 0.0000000000 0.0000000000 -56.5482788086 n/a n/a n/a
15:49:41.421 0.0000000000 0.0000000000 -56.7767791748 n/a n/a n/a
15:49:41.453 0.0000000000 0.0000000000 -57.0210304260 n/a n/a n/a
15:49:41.484 0.0000000000 0.0000000000 -57.0210304260 n/a n/a n/a
15:49:41.515 0.0000000000 0.0000000000 -57.2512817383 n/a n/a n/a
15:49:41.546 0.0000000000 0.0000000000 -57.4797782898 n/a n/a n/a
15:49:41.578 0.0000000000 0.0000000000 -57.4797782898 n/a n/a n/a
15:49:41.609 0.0000000000 0.0000000000 -57.7249069214 n/a n/a n/a
15:49:41.640 0.0000000000 0.0000000000 -57.9490242004 n/a n/a n/a
15:49:41.671 0.0000000000 0.0000000000 -57.9490242004 n/a n/a n/a
15:49:41.703 0.0000000000 0.0000000000 -58.1783981323 n/a n/a n/a
15:49:41.734 0.0000000000 0.0000000000 -58.4226531982 n/a n/a n/a
15:49:41.765 0.0000000000 0.0000000000 -58.4226531982 n/a n/a n/a
15:49:41.796 0.0000000000 0.0000000000 -58.6467704773 n/a n/a n/a
15:49:41.828 0.0000000000 0.0000000000 -58.6467704773 n/a n/a n/a
15:49:41.859 0.0000000000 0.0000000000 -58.8910255432 n/a n/a n/a
15:49:41.890 0.0000000000 0.0000000000 -59.1195220947 n/a n/a n/a
15:49:41.921 0.0000000000 0.0000000000 -59.1195220947 n/a n/a n/a
15:49:41.953 0.0000000000 0.0000000000 -59.3523979187 n/a n/a n/a
15:49:41.984 0.0000000000 0.0000000000 -59.5800209045 n/a n/a n/a
15:49:42.015 0.0000000000 0.0000000000 -59.8242759705 n/a n/a n/a
15:49:42.046 0.0000000000 0.0000000000 -59.8242759705 n/a n/a n/a
15:49:42.078 0.0000000000 0.0000000000 -60.0055007935 n/a n/a n/a
15:49:42.109 0.0000000000 0.0000000000 -60.0055007935 n/a n/a n/a
15:49:42.140 0.0000000000 0.0000000000 -60.0072479248 n/a n/a n/a
15:49:42.171 0.0000000000 0.0000000000 -60.0072479248 n/a n/a n/a
15:49:42.203 0.0000000000 0.0000000000 -60.0072479248 n/a n/a n/a
15:49:42.234 0.0000000000 0.0000000000 -60.0072479248 n/a n/a n/a
15:49:42.359 0.0000000000 0.0000000000 -60.0072479248 n/a n/a n/a
15:49:42.390 0.0000000000 0.0000000000 -60.0072479248 n/a n/a n/a
15:49:42.421 0.0000000000 0.0000000000 -60.0072479248 n/a n/a n/a
15:49:42.453 0.0000000000 0.0000000000 -60.0072479248 n/a n/a n/a
15:49:42.484 0.0000000000 0.0000000000 -60.0072479248 n/a n/a n/a
15:49:42.515 0.0000000000 0.0000000000 -60.0072479248 n/a n/a n/a
15:49:42.546 0.0000000000 0.0000000000 -60.0072479248 n/a n/a n/a
15:49:42.578 0.0000000000 0.0000000000 -60.0072479248 n/a n/a n/a
15:49:42.609 0.0000000000 0.0000000000 -60.0072479248 n/a n/a n/a
15:49:42.640 0.0000000000 0.0000000000 -60.0072479248 n/a n/a n/a
15:49:42.671 0.0000000000 0.0000000000 -60.0072479248 n/a n/a n/a
15:49:42.703 0.0000000000 0.0000000000 -60.0072479248 n/a n/a n/a
15:49:42.734 0.0000000000 0.0000000000 -60.0072479248 n/a n/a n/a
