Тестовая информация 0. Исходные сенсорные данные: Time, X_rob, Y_rob, Ang_rob, X_obj, Y_obj, Distance (мм, град)
14:42:07.078 1000.0000000000 1000.0000000000 0.0000000000 2201.9999999981 1000.0000000000 1062.0000000000
14:42:07.109 1000.0000000000 1000.0000000000 0.0000000000 2201.9999999981 1000.0000000000 1062.0000000000
14:42:07.140 1000.0000000000 1000.0000000000 0.0000000000 2180.9999999981 1000.0000000000 1041.0000000000
14:42:07.171 1000.0000000000 1000.0000000000 0.0000000000 2180.9999999981 1000.0000000000 1041.0000000000
14:42:07.203 1000.0000000000 1000.0000000000 0.0000000000 2191.9999999981 1000.0000000000 1052.0000000000
14:42:07.234 1000.0000000000 1000.0000000000 0.0000000000 2217.9999999981 1000.0000000000 1078.0000000000
14:42:07.265 1000.0000000000 1000.0000000000 0.0000000000 2180.9999999981 1000.0000000000 1041.0000000000
14:42:07.296 1000.0000000000 1000.0000000000 0.0000000000 2207.9999999981 1000.0000000000 1068.0000000000
14:42:07.328 1000.0000000000 1000.0000000000 0.0000000000 2217.9999999981 1000.0000000000 1078.0000000000
14:42:07.359 1000.0000000000 1000.0000000000 0.0000000000 2201.9999999981 1000.0000000000 1062.0000000000
14:42:07.390 1000.0000000000 1000.0000000000 0.0000000000 2217.9999999981 1000.0000000000 1078.0000000000
14:42:07.421 1000.0000000000 1000.0000000000 0.0000000000 2224.9999999981 1000.0000000000 1085.0000000000
14:42:07.453 1000.0000000000 1000.0000000000 0.0000000000 2209.9999999981 1000.0000000000 1070.0000000000
14:42:07.484 1000.0000000000 1000.0000000000 0.0000000000 2209.9999999981 1000.0000000000 1070.0000000000
14:42:07.515 1000.0000000000 1000.0000000000 0.0000000000 2170.9999999981 1000.0000000000 1031.0000000000
14:42:07.546 1000.0000000000 1000.0000000000 0.0000000000 2170.9999999981 1000.0000000000 1031.0000000000
14:42:07.578 1000.0000000000 1000.0000000000 0.0000000000 2179.9999999981 1000.0000000000 1040.0000000000
14:42:07.609 1000.0000000000 1000.0000000000 0.0000000000 2219.9999999981 1000.0000000000 1080.0000000000
14:42:07.640 1000.0000000000 1000.0000000000 0.0000000000 2210.9999999981 1000.0000000000 1071.0000000000
14:42:07.671 1000.0000000000 1000.0000000000 0.0000000000 2210.9999999981 1000.0000000000 1071.0000000000
14:42:07.703 1000.0000000000 1000.0000000000 0.0000000000 2195.9999999981 1000.0000000000 1056.0000000000
14:42:07.734 1000.0000000000 1000.0000000000 0.0000000000 2186.9999999981 1000.0000000000 1047.0000000000
14:42:07.765 1000.0000000000 1000.0000000000 0.0000000000 2195.9999999981 1000.0000000000 1056.0000000000
14:42:07.796 1000.0000000000 1000.0000000000 0.0000000000 2234.9999999981 1000.0000000000 1095.0000000000
14:42:07.828 1000.0000000000 1000.0000000000 0.0000000000 2202.9999999981 1000.0000000000 1063.0000000000
14:42:07.859 1000.0000000000 1000.0000000000 0.0000000000 2202.9999999981 1000.0000000000 1063.0000000000
14:42:07.890 1000.0000000000 1000.0000000000 0.0000000000 2209.9999999981 1000.0000000000 1070.0000000000
14:42:07.921 1000.0000000000 1000.0000000000 0.0000000000 2181.9999999981 1000.0000000000 1042.0000000000
14:42:07.953 1000.0000000000 1000.0000000000 0.0000000000 2182.9999999981 1000.0000000000 1043.0000000000
14:42:07.984 1000.0000000000 1000.0000000000 0.0000000000 2181.9999999981 1000.0000000000 1042.0000000000
14:42:08.015 1000.0000000000 1000.0000000000 0.0000000000 2180.9999999981 1000.0000000000 1041.0000000000
14:42:08.046 1000.0000000000 1000.0000000000 0.0000000000 2180.9999999981 1000.0000000000 1041.0000000000
14:42:08.078 1000.0000000000 1000.0000000000 0.0000000000 2178.9999999981 1000.0000000000 1039.0000000000
14:42:08.109 1000.0000000000 1000.0000000000 0.0000000000 2152.9999999981 1000.0000000000 1013.0000000000
14:42:08.140 1000.0000000000 1000.0000000000 0.0000000000 2178.9999999981 1000.0000000000 1039.0000000000
14:42:08.171 1000.0000000000 1000.0000000000 0.0000000000 2224.9999999981 1000.0000000000 1085.0000000000
14:42:08.203 1000.0000000000 1000.0000000000 0.0000000000 2224.9999999981 1000.0000000000 1085.0000000000
14:42:08.234 1000.0000000000 1000.0000000000 0.0000000000 2224.9999999981 1000.0000000000 1085.0000000000
14:42:08.265 1000.0000000000 1000.0000000000 0.0000000000 2170.9999999981 1000.0000000000 1031.0000000000
14:42:08.296 1000.0000000000 1000.0000000000 0.0000000000 2162.9999999981 1000.0000000000 1023.0000000000
14:42:08.328 1000.0000000000 1000.0000000000 0.0000000000 2170.9999999981 1000.0000000000 1031.0000000000
14:42:08.359 1000.0000000000 1000.0000000000 0.0000000000 2175.9999999981 1000.0000000000 1036.0000000000
14:42:08.390 1000.0000000000 1000.0000000000 0.0000000000 2175.9999999981 1000.0000000000 1036.0000000000
14:42:08.421 1000.0000000000 1000.0000000000 0.0000000000 2178.9999999981 1000.0000000000 1039.0000000000
14:42:08.453 1000.0000000000 1000.0000000000 0.0000000000 2175.9999999981 1000.0000000000 1036.0000000000
14:42:08.484 1000.0000000000 1000.0000000000 0.0000000000 2175.9999999981 1000.0000000000 1036.0000000000
14:42:08.515 1000.0000000000 1000.0000000000 0.0000000000 2175.9999999981 1000.0000000000 1036.0000000000
14:42:08.546 1000.0000000000 1000.0000000000 0.0000000000 2169.9999999981 1000.0000000000 1030.0000000000
14:42:08.578 1000.0000000000 1000.0000000000 0.0000000000 2149.9999999981 1000.0000000000 1010.0000000000
14:42:08.609 1000.0000000000 1000.0000000000 0.0000000000 2169.9999999981 1000.0000000000 1030.0000000000
14:42:08.640 1000.0000000000 1000.0000000000 0.0000000000 2149.9999999981 1000.0000000000 1010.0000000000
14:42:08.671 1000.0000000000 1000.0000000000 0.0000000000 2149.9999999981 1000.0000000000 1010.0000000000
14:42:08.703 1000.0000000000 1000.0000000000 0.0000000000 2185.9999999981 1000.0000000000 1046.0000000000
14:42:08.734 1000.0000000000 1000.0000000000 0.0000000000 2189.9999999981 1000.0000000000 1050.0000000000
14:42:08.765 1000.0000000000 1000.0000000000 0.0000000000 2149.9999999981 1000.0000000000 1010.0000000000
14:42:08.796 1000.0000000000 1000.0000000000 0.0000000000 2189.9999999981 1000.0000000000 1050.0000000000
14:42:08.828 1000.0000000000 1000.0000000000 0.0000000000 2206.9999999981 1000.0000000000 1067.0000000000
14:42:08.859 1000.0000000000 1000.0000000000 0.0000000000 2206.9999999981 1000.0000000000 1067.0000000000
14:42:08.890 1000.0000000000 1000.0000000000 0.0000000000 2206.9999999981 1000.0000000000 1067.0000000000
14:42:08.921 1000.0000000000 1000.0000000000 0.0000000000 2203.9999999981 1000.0000000000 1064.0000000000
14:42:08.953 1000.0000000000 1000.0000000000 0.0000000000 2195.9999999981 1000.0000000000 1056.0000000000
14:42:08.984 1000.0000000000 1000.0000000000 0.0000000000 2195.9999999981 1000.0000000000 1056.0000000000
14:42:09.015 1000.0000000000 1000.0000000000 0.0000000000 2189.9999999981 1000.0000000000 1050.0000000000
14:42:09.046 1000.0000000000 1000.0000000000 0.0000000000 2185.9999999981 1000.0000000000 1046.0000000000
14:42:09.078 1000.0000000000 1000.0000000000 0.0000000000 2185.9999999981 1000.0000000000 1046.0000000000
14:42:09.109 1000.0000000000 1000.0000000000 0.0000000000 2163.9999999981 1000.0000000000 1024.0000000000
14:42:09.140 1000.0000000000 1000.0000000000 0.0000000000 2163.9999999981 1000.0000000000 1024.0000000000
14:42:09.171 1000.0000000000 1000.0000000000 0.0000000000 2193.9999999981 1000.0000000000 1054.0000000000
14:42:09.203 1000.0000000000 1000.0000000000 0.0000000000 2202.9999999981 1000.0000000000 1063.0000000000
14:42:09.234 1000.0000000000 1000.0000000000 0.0000000000 2169.9999999981 1000.0000000000 1030.0000000000
14:42:09.265 1000.0000000000 1000.0000000000 0.0000000000 2175.9999999981 1000.0000000000 1036.0000000000
14:42:09.296 1000.0000000000 1000.0000000000 0.0000000000 2199.9999999981 1000.0000000000 1060.0000000000
14:42:09.328 1000.0000000000 1000.0000000000 0.0000000000 2199.9999999981 1000.0000000000 1060.0000000000
14:42:09.359 1000.0000000000 1000.0000000000 0.0000000000 2202.9999999981 1000.0000000000 1063.0000000000
14:42:09.390 1000.0000000000 1000.0000000000 0.0000000000 2203.9999999981 1000.0000000000 1064.0000000000
14:42:09.421 1000.0000000000 1000.0000000000 0.0000000000 2199.9999999981 1000.0000000000 1060.0000000000
14:42:09.453 1000.0000000000 1000.0000000000 0.0000000000 2203.9999999981 1000.0000000000 1064.0000000000
14:42:09.484 1000.0000000000 1000.0000000000 0.0000000000 2199.9999999981 1000.0000000000 1060.0000000000
14:42:09.515 1000.0000000000 1000.0000000000 0.0000000000 2197.9999999981 1000.0000000000 1058.0000000000
14:42:09.546 1000.0000000000 1000.0000000000 0.0000000000 2197.9999999981 1000.0000000000 1058.0000000000
14:42:09.578 1000.0000000000 1000.0000000000 0.0000000000 2182.9999999981 1000.0000000000 1043.0000000000
14:42:09.609 1000.0000000000 1000.0000000000 0.0000000000 2182.9999999981 1000.0000000000 1043.0000000000
14:42:09.640 1000.0000000000 1000.0000000000 0.0000000000 2190.9999999981 1000.0000000000 1051.0000000000
14:42:09.671 1000.0000000000 1000.0000000000 0.0000000000 2198.9999999981 1000.0000000000 1059.0000000000
14:42:09.703 1000.0000000000 1000.0000000000 0.0000000000 2198.9999999981 1000.0000000000 1059.0000000000
14:42:09.734 1000.0000000000 1000.0000000000 0.0000000000 2198.9999999981 1000.0000000000 1059.0000000000
14:42:09.765 1000.0000000000 1000.0000000000 0.0000000000 2217.9999999981 1000.0000000000 1078.0000000000
14:42:09.796 1000.0000000000 1000.0000000000 0.0000000000 2186.9999999981 1000.0000000000 1047.0000000000
14:42:09.828 1000.0000000000 1000.0000000000 0.0000000000 2189.9999999981 1000.0000000000 1050.0000000000
14:42:09.859 1000.0000000000 1000.0000000000 0.0000000000 2186.9999999981 1000.0000000000 1047.0000000000
14:42:09.890 1000.0000000000 1000.0000000000 0.0000000000 2163.9999999981 1000.0000000000 1024.0000000000
14:42:09.921 1000.0000000000 1000.0000000000 0.0000000000 2163.9999999981 1000.0000000000 1024.0000000000
14:42:09.953 1000.0000000000 1000.0000000000 0.0000000000 2186.9999999981 1000.0000000000 1047.0000000000
14:42:09.984 1000.0000000000 1000.0000000000 0.0000000000 2186.9999999981 1000.0000000000 1047.0000000000
14:42:10.015 1000.0000000000 1000.0000000000 0.0000000000 2206.9999999981 1000.0000000000 1067.0000000000
14:42:10.046 1000.0000000000 1000.0000000000 0.0000000000 2186.9999999981 1000.0000000000 1047.0000000000
14:42:10.078 1000.0000000000 1000.0000000000 0.0000000000 2186.9999999981 1000.0000000000 1047.0000000000
14:42:10.109 1000.0000000000 1000.0000000000 0.0000000000 2226.9999999981 1000.0000000000 1087.0000000000
14:42:10.140 1000.0000000000 1000.0000000000 0.0000000000 2187.9999999981 1000.0000000000 1048.0000000000
14:42:10.171 1000.0000000000 1000.0000000000 0.0000000000 2186.9999999981 1000.0000000000 1047.0000000000
14:42:10.203 1000.0000000000 1000.0000000000 0.0000000000 2186.9999999981 1000.0000000000 1047.0000000000
14:42:10.234 1000.0000000000 1000.0000000000 0.0000000000 2187.9999999981 1000.0000000000 1048.0000000000
14:42:10.265 1000.0000000000 1000.0000000000 0.0000000000 2187.9999999981 1000.0000000000 1048.0000000000
14:42:10.296 1000.0000000000 1000.0000000000 0.0000000000 n/a n/a n/a
14:42:10.328 1000.0000000000 1000.0000000000 0.0000000000 2231.9999999981 1000.0000000000 1092.0000000000
14:42:10.359 1000.0000000000 1000.0000000000 0.0000000000 2196.9999999981 1000.0000000000 1057.0000000000
14:42:10.390 1000.0000000000 1000.0000000000 0.0000000000 2197.9999999981 1000.0000000000 1058.0000000000
14:42:10.421 1000.0000000000 1000.0000000000 0.0000000000 2198.9999999981 1000.0000000000 1059.0000000000
14:42:10.453 1000.0000000000 1000.0000000000 0.0000000000 2196.9999999981 1000.0000000000 1057.0000000000
14:42:10.484 1000.0000000000 1000.0000000000 0.0000000000 2196.9999999981 1000.0000000000 1057.0000000000
14:42:10.515 1000.0000000000 1000.0000000000 0.0000000000 2180.9999999981 1000.0000000000 1041.0000000000
14:42:10.546 1000.0000000000 1000.0000000000 0.0000000000 2180.9999999981 1000.0000000000 1041.0000000000
14:42:10.578 1000.0000000000 1000.0000000000 0.0000000000 2214.9999999981 1000.0000000000 1075.0000000000
14:42:10.609 1000.0000000000 1000.0000000000 0.0000000000 2215.9999999981 1000.0000000000 1076.0000000000
14:42:10.640 1000.0000000000 1000.0000000000 0.0000000000 2213.9999999981 1000.0000000000 1074.0000000000
14:42:10.671 1000.0000000000 1000.0000000000 0.0000000000 2215.9999999981 1000.0000000000 1076.0000000000
14:42:10.703 1000.0000000000 1000.0000000000 0.0000000000 2213.9999999981 1000.0000000000 1074.0000000000
14:42:10.734 1000.0000000000 1000.0000000000 0.0000000000 2191.9999999981 1000.0000000000 1052.0000000000
14:42:10.765 1000.0000000000 1000.0000000000 0.0000000000 2191.9999999981 1000.0000000000 1052.0000000000
14:42:10.796 1000.0000000000 1000.0000000000 0.0000000000 2206.9999999981 1000.0000000000 1067.0000000000
14:42:10.828 1000.0000000000 1000.0000000000 0.0000000000 2203.9999999981 1000.0000000000 1064.0000000000
14:42:10.859 1000.0000000000 1000.0000000000 0.0000000000 2206.9999999981 1000.0000000000 1067.0000000000
14:42:10.890 1000.0000000000 1000.0000000000 0.0000000000 2203.9999999981 1000.0000000000 1064.0000000000
14:42:10.921 1000.0000000000 1000.0000000000 0.0000000000 2203.9999999981 1000.0000000000 1064.0000000000
14:42:10.953 1000.0000000000 1000.0000000000 0.0000000000 2212.9999999981 1000.0000000000 1073.0000000000
14:42:10.984 1000.0000000000 1000.0000000000 0.0000000000 n/a n/a n/a
14:42:11.015 1000.0000000000 1000.0000000000 0.0000000000 2203.9999999981 1000.0000000000 1064.0000000000
14:42:11.046 1000.0000000000 1000.0000000000 0.0000000000 2203.9999999981 1000.0000000000 1064.0000000000
14:42:11.078 1000.0000000000 1000.0000000000 0.0000000000 2203.9999999981 1000.0000000000 1064.0000000000
14:42:11.109 1000.0000000000 1000.0000000000 0.0000000000 2202.9999999981 1000.0000000000 1063.0000000000
14:42:11.140 1000.0000000000 1000.0000000000 0.0000000000 2202.9999999981 1000.0000000000 1063.0000000000
14:42:11.171 1000.0000000000 1000.0000000000 0.0000000000 2167.9999999981 1000.0000000000 1028.0000000000
14:42:11.203 1000.0000000000 1000.0000000000 0.0000000000 2167.9999999981 1000.0000000000 1028.0000000000
14:42:11.234 1000.0000000000 1000.0000000000 0.0000000000 2193.9999999981 1000.0000000000 1054.0000000000
14:42:11.265 1000.0000000000 1000.0000000000 0.0000000000 2199.9999999981 1000.0000000000 1060.0000000000
14:42:11.296 1000.0000000000 1000.0000000000 0.0000000000 2199.9999999981 1000.0000000000 1060.0000000000
14:42:11.328 1000.0000000000 1000.0000000000 0.0000000000 2199.9999999981 1000.0000000000 1060.0000000000
14:42:11.359 1000.0000000000 1000.0000000000 0.0000000000 2195.9999999981 1000.0000000000 1056.0000000000
14:42:11.390 1000.0000000000 1000.0000000000 0.0000000000 2180.9999999981 1000.0000000000 1041.0000000000
14:42:11.421 1000.0000000000 1000.0000000000 0.0000000000 2180.9999999981 1000.0000000000 1041.0000000000
14:42:11.453 1000.0000000000 1000.0000000000 0.0000000000 2195.9999999981 1000.0000000000 1056.0000000000
14:42:11.484 1000.0000000000 1000.0000000000 0.0000000000 2195.9999999981 1000.0000000000 1056.0000000000
14:42:11.515 1000.0000000000 1000.0000000000 0.0000000000 n/a n/a n/a
14:42:11.546 1000.0000000000 1000.0000000000 0.0000000000 2209.9999999981 1000.0000000000 1070.0000000000
14:42:11.578 1000.0000000000 1000.0000000000 0.0000000000 2208.9999999981 1000.0000000000 1069.0000000000
14:42:11.609 1000.0000000000 1000.0000000000 0.0000000000 2208.9999999981 1000.0000000000 1069.0000000000
14:42:11.640 1000.0000000000 1000.0000000000 0.0000000000 2196.9999999981 1000.0000000000 1057.0000000000
14:42:11.671 1000.0000000000 1000.0000000000 0.0000000000 2193.9999999981 1000.0000000000 1054.0000000000
14:42:11.703 1000.0000000000 1000.0000000000 0.0000000000 2193.9999999981 1000.0000000000 1054.0000000000
14:42:11.734 1000.0000000000 1000.0000000000 0.0000000000 2186.9999999981 1000.0000000000 1047.0000000000
14:42:11.765 1000.0000000000 1000.0000000000 0.0000000000 2186.9999999981 1000.0000000000 1047.0000000000
14:42:11.796 1000.0000000000 1000.0000000000 0.0000000000 n/a n/a n/a
14:42:11.828 1000.0000000000 1000.0000000000 0.0000000000 n/a n/a n/a
14:42:11.859 1000.0000000000 1000.0000000000 0.0000000000 2186.9999999981 1000.0000000000 1047.0000000000
14:42:11.890 1000.0000000000 1000.0000000000 0.0000000000 2201.9999999981 1000.0000000000 1062.0000000000
14:42:11.921 1000.0000000000 1000.0000000000 0.0000000000 2206.9999999981 1000.0000000000 1067.0000000000
14:42:11.953 1000.0000000000 1000.0000000000 0.0000000000 2206.9999999981 1000.0000000000 1067.0000000000
14:42:11.984 1000.0000000000 1000.0000000000 0.0000000000 2206.9999999981 1000.0000000000 1067.0000000000
14:42:12.015 1000.0000000000 1000.0000000000 0.0000000000 2174.9999999981 1000.0000000000 1035.0000000000
14:42:12.046 1000.0000000000 1000.0000000000 0.0000000000 2174.9999999981 1000.0000000000 1035.0000000000
14:42:12.078 1000.0000000000 1000.0000000000 0.0000000000 2176.9999999981 1000.0000000000 1037.0000000000
14:42:12.109 1000.0000000000 1000.0000000000 0.0000000000 2174.9999999981 1000.0000000000 1035.0000000000
14:42:12.140 1000.0000000000 1000.0000000000 0.0000000000 2164.9999999981 1000.0000000000 1025.0000000000
14:42:12.171 1000.0000000000 1000.0000000000 0.0000000000 2168.9999999981 1000.0000000000 1029.0000000000
14:42:12.203 1000.0000000000 1000.0000000000 0.0000000000 2174.9999999981 1000.0000000000 1035.0000000000
14:42:12.234 1000.0000000000 1000.0000000000 0.0000000000 2174.9999999981 1000.0000000000 1035.0000000000
14:42:12.265 1000.0000000000 1000.0000000000 0.0000000000 2239.9999999981 1000.0000000000 1100.0000000000
14:42:12.296 1000.0000000000 1000.0000000000 0.0000000000 2212.9999999981 1000.0000000000 1073.0000000000
14:42:12.328 1000.0000000000 1000.0000000000 0.0000000000 2174.9999999981 1000.0000000000 1035.0000000000
14:42:12.359 1000.0000000000 1000.0000000000 0.0000000000 2212.9999999981 1000.0000000000 1073.0000000000
14:42:12.390 1000.0000000000 1000.0000000000 0.0000000000 2174.9999999981 1000.0000000000 1035.0000000000
14:42:12.421 1000.0000000000 1000.0000000000 0.0000000000 2174.9999999981 1000.0000000000 1035.0000000000
14:42:12.453 1000.0000000000 1000.0000000000 0.0000000000 2174.9999999981 1000.0000000000 1035.0000000000
14:42:12.484 1000.0000000000 1000.0000000000 0.0000000000 2180.9999999981 1000.0000000000 1041.0000000000
14:42:12.515 1000.0000000000 1000.0000000000 0.0000000000 2180.9999999981 1000.0000000000 1041.0000000000
14:42:12.546 1000.0000000000 1000.0000000000 0.0000000000 2212.9999999981 1000.0000000000 1073.0000000000
14:42:12.578 1000.0000000000 1000.0000000000 0.0000000000 2196.9999999981 1000.0000000000 1057.0000000000
14:42:12.609 1000.0000000000 1000.0000000000 0.0000000000 2196.9999999981 1000.0000000000 1057.0000000000
14:42:12.640 1000.0000000000 1000.0000000000 0.0000000000 2212.9999999981 1000.0000000000 1073.0000000000
14:42:12.671 1000.0000000000 1000.0000000000 0.0000000000 2204.9999999981 1000.0000000000 1065.0000000000
14:42:12.703 1000.0000000000 1000.0000000000 0.0000000000 2196.9999999981 1000.0000000000 1057.0000000000
14:42:12.734 1000.0000000000 1000.0000000000 0.0000000000 2204.9999999981 1000.0000000000 1065.0000000000
14:42:12.765 1000.0000000000 1000.0000000000 0.0000000000 2213.9999999981 1000.0000000000 1074.0000000000
14:42:12.796 1000.0000000000 1000.0000000000 0.0000000000 2213.9999999981 1000.0000000000 1074.0000000000
14:42:12.828 1000.0000000000 1000.0000000000 0.0000000000 2213.9999999981 1000.0000000000 1074.0000000000
14:42:12.859 1000.0000000000 1000.0000000000 0.0000000000 2170.9999999981 1000.0000000000 1031.0000000000
14:42:12.890 1000.0000000000 1000.0000000000 0.0000000000 2164.9999999981 1000.0000000000 1025.0000000000
14:42:12.921 1000.0000000000 1000.0000000000 0.0000000000 2170.9999999981 1000.0000000000 1031.0000000000
14:42:12.953 1000.0000000000 1000.0000000000 0.0000000000 2164.9999999981 1000.0000000000 1025.0000000000
14:42:12.984 1000.0000000000 1000.0000000000 0.0000000000 2162.9999999981 1000.0000000000 1023.0000000000
14:42:13.015 1000.0000000000 1000.0000000000 0.0000000000 2164.9999999981 1000.0000000000 1025.0000000000
14:42:13.046 1000.0000000000 1000.0000000000 0.0000000000 2187.9999999981 1000.0000000000 1048.0000000000
14:42:13.078 1000.0000000000 1000.0000000000 0.0000000000 2181.9999999981 1000.0000000000 1042.0000000000
14:42:13.109 1000.0000000000 1000.0000000000 0.0000000000 2184.9999999981 1000.0000000000 1045.0000000000
14:42:13.140 1000.0000000000 1000.0000000000 0.0000000000 2181.9999999981 1000.0000000000 1042.0000000000
14:42:13.171 1000.0000000000 1000.0000000000 0.0000000000 2160.9999999981 1000.0000000000 1021.0000000000
14:42:13.203 1000.0000000000 1000.0000000000 0.0000000000 2160.9999999981 1000.0000000000 1021.0000000000
14:42:13.234 1000.0000000000 1000.0000000000 0.0000000000 2178.9999999981 1000.0000000000 1039.0000000000
14:42:13.265 1000.0000000000 1000.0000000000 0.0000000000 2162.9999999981 1000.0000000000 1023.0000000000
14:42:13.296 1000.0000000000 1000.0000000000 0.0000000000 2178.9999999981 1000.0000000000 1039.0000000000
14:42:13.328 1000.0000000000 1000.0000000000 0.0000000000 2187.9999999981 1000.0000000000 1048.0000000000
14:42:13.359 1000.0000000000 1000.0000000000 0.0000000000 2187.9999999981 1000.0000000000 1048.0000000000
14:42:13.390 1000.0000000000 1000.0000000000 0.0000000000 2187.9999999981 1000.0000000000 1048.0000000000
14:42:13.421 1000.0000000000 1000.0000000000 0.0000000000 2187.9999999981 1000.0000000000 1048.0000000000
14:42:13.453 1000.0000000000 1000.0000000000 0.0000000000 2187.9999999981 1000.0000000000 1048.0000000000
14:42:13.484 1000.0000000000 1000.0000000000 0.0000000000 2187.9999999981 1000.0000000000 1048.0000000000
14:42:13.515 1000.0000000000 1000.0000000000 0.0000000000 2184.9999999981 1000.0000000000 1045.0000000000
14:42:13.546 1000.0000000000 1000.0000000000 0.0000000000 2184.9999999981 1000.0000000000 1045.0000000000
14:42:13.578 1000.0000000000 1000.0000000000 0.0000000000 2190.9999999981 1000.0000000000 1051.0000000000
14:42:13.609 1000.0000000000 1000.0000000000 0.0000000000 2199.9999999981 1000.0000000000 1060.0000000000
14:42:13.640 1000.0000000000 1000.0000000000 0.0000000000 2199.9999999981 1000.0000000000 1060.0000000000
14:42:13.671 1000.0000000000 1000.0000000000 0.0000000000 2199.9999999981 1000.0000000000 1060.0000000000
14:42:13.703 1000.0000000000 1000.0000000000 0.0000000000 2185.9999999981 1000.0000000000 1046.0000000000
14:42:13.734 1000.0000000000 1000.0000000000 0.0000000000 2185.9999999981 1000.0000000000 1046.0000000000
14:42:13.765 1000.0000000000 1000.0000000000 0.0000000000 2199.9999999981 1000.0000000000 1060.0000000000
14:42:13.796 1000.0000000000 1000.0000000000 0.0000000000 2186.9999999981 1000.0000000000 1047.0000000000
14:42:13.828 1000.0000000000 1000.0000000000 0.0000000000 2186.9999999981 1000.0000000000 1047.0000000000
14:42:13.859 1000.0000000000 1000.0000000000 0.0000000000 2186.9999999981 1000.0000000000 1047.0000000000
14:42:13.890 1000.0000000000 1000.0000000000 0.0000000000 2189.9999999981 1000.0000000000 1050.0000000000
14:42:13.921 1000.0000000000 1000.0000000000 0.0000000000 2189.9999999981 1000.0000000000 1050.0000000000
14:42:13.953 1000.0000000000 1000.0000000000 0.0000000000 2208.9999999981 1000.0000000000 1069.0000000000
14:42:13.984 1000.0000000000 1000.0000000000 0.0000000000 2209.9999999981 1000.0000000000 1070.0000000000
14:42:14.015 1000.0000000000 1000.0000000000 0.0000000000 2209.9999999981 1000.0000000000 1070.0000000000
14:42:14.046 1000.0000000000 1000.0000000000 0.0000000000 2209.9999999981 1000.0000000000 1070.0000000000
14:42:14.078 1000.0000000000 1000.0000000000 0.0000000000 2193.9999999981 1000.0000000000 1054.0000000000
14:42:14.109 1000.0000000000 1000.0000000000 0.0000000000 2189.9999999981 1000.0000000000 1050.0000000000
14:42:14.140 1000.0000000000 1000.0000000000 0.0000000000 2189.9999999981 1000.0000000000 1050.0000000000
14:42:14.171 1000.0000000000 1000.0000000000 0.0000000000 2173.9999999981 1000.0000000000 1034.0000000000
14:42:14.203 1000.0000000000 1000.0000000000 0.0000000000 2173.9999999981 1000.0000000000 1034.0000000000
14:42:14.234 1000.0000000000 1000.0000000000 0.0000000000 2192.9999999981 1000.0000000000 1053.0000000000
14:42:14.265 1000.0000000000 1000.0000000000 0.0000000000 2181.9999999981 1000.0000000000 1042.0000000000
14:42:14.296 1000.0000000000 1000.0000000000 0.0000000000 2181.9999999981 1000.0000000000 1042.0000000000
14:42:14.328 1000.0000000000 1000.0000000000 0.0000000000 2181.9999999981 1000.0000000000 1042.0000000000
14:42:14.359 1000.0000000000 1000.0000000000 0.0000000000 2187.9999999981 1000.0000000000 1048.0000000000
14:42:14.390 1000.0000000000 1000.0000000000 0.0000000000 2187.9999999981 1000.0000000000 1048.0000000000
14:42:14.421 1000.0000000000 1000.0000000000 0.0000000000 2196.9999999981 1000.0000000000 1057.0000000000
14:42:14.453 1000.0000000000 1000.0000000000 0.0000000000 2187.9999999981 1000.0000000000 1048.0000000000
14:42:14.484 1000.0000000000 1000.0000000000 0.0000000000 2187.9999999981 1000.0000000000 1048.0000000000
14:42:14.515 1000.0000000000 1000.0000000000 0.0000000000 2187.9999999981 1000.0000000000 1048.0000000000
14:42:14.546 1000.0000000000 1000.0000000000 0.0000000000 2197.9999999981 1000.0000000000 1058.0000000000
14:42:14.578 1000.0000000000 1000.0000000000 0.0000000000 2197.9999999981 1000.0000000000 1058.0000000000
14:42:14.609 1000.0000000000 1000.0000000000 0.0000000000 2197.9999999981 1000.0000000000 1058.0000000000
14:42:14.640 1000.0000000000 1000.0000000000 0.0000000000 2182.9999999981 1000.0000000000 1043.0000000000
14:42:14.671 1000.0000000000 1000.0000000000 0.0000000000 2182.9999999981 1000.0000000000 1043.0000000000
14:42:14.703 1000.0000000000 1000.0000000000 0.0000000000 2182.9999999981 1000.0000000000 1043.0000000000
14:42:14.734 1000.0000000000 1000.0000000000 0.0000000000 2170.9999999981 1000.0000000000 1031.0000000000
14:42:14.765 1000.0000000000 1000.0000000000 0.0000000000 2164.9999999981 1000.0000000000 1025.0000000000
14:42:14.796 1000.0000000000 1000.0000000000 0.0000000000 2170.9999999981 1000.0000000000 1031.0000000000
14:42:14.828 1000.0000000000 1000.0000000000 0.0000000000 2187.9999999981 1000.0000000000 1048.0000000000
14:42:14.859 1000.0000000000 1000.0000000000 0.0000000000 2187.9999999981 1000.0000000000 1048.0000000000
14:42:14.890 1000.0000000000 1000.0000000000 0.0000000000 2198.9999999981 1000.0000000000 1059.0000000000
14:42:14.921 1000.0000000000 1000.0000000000 0.0000000000 2193.9999999981 1000.0000000000 1054.0000000000
14:42:14.953 1000.0000000000 1000.0000000000 0.0000000000 2193.9999999981 1000.0000000000 1054.0000000000
14:42:14.984 1000.0000000000 1000.0000000000 0.0000000000 2193.9999999981 1000.0000000000 1054.0000000000
14:42:15.015 1000.0000000000 1000.0000000000 0.0000000000 2198.9999999981 1000.0000000000 1059.0000000000
14:42:15.046 1000.0000000000 1000.0000000000 0.0000000000 2198.9999999981 1000.0000000000 1059.0000000000
14:42:15.078 1000.0000000000 1000.0000000000 0.0000000000 2204.9999999981 1000.0000000000 1065.0000000000
14:42:15.109 1000.0000000000 1000.0000000000 0.0000000000 2198.9999999981 1000.0000000000 1059.0000000000
14:42:15.140 1000.0000000000 1000.0000000000 0.0000000000 2198.9999999981 1000.0000000000 1059.0000000000
14:42:15.171 1000.0000000000 1000.0000000000 0.0000000000 2215.9999999981 1000.0000000000 1076.0000000000
14:42:15.203 1000.0000000000 1000.0000000000 0.0000000000 2198.9999999981 1000.0000000000 1059.0000000000
14:42:15.234 1000.0000000000 1000.0000000000 0.0000000000 2180.9999999981 1000.0000000000 1041.0000000000
14:42:15.265 1000.0000000000 1000.0000000000 0.0000000000 2181.9999999981 1000.0000000000 1042.0000000000
14:42:15.296 1000.0000000000 1000.0000000000 0.0000000000 2180.9999999981 1000.0000000000 1041.0000000000
14:42:15.328 1000.0000000000 1000.0000000000 0.0000000000 2180.9999999981 1000.0000000000 1041.0000000000
14:42:15.359 1000.0000000000 1000.0000000000 0.0000000000 2190.9999999981 1000.0000000000 1051.0000000000
14:42:15.390 1000.0000000000 1000.0000000000 0.0000000000 2192.9999999981 1000.0000000000 1053.0000000000
14:42:15.421 1000.0000000000 1000.0000000000 0.0000000000 2192.9999999981 1000.0000000000 1053.0000000000
14:42:15.453 1000.0000000000 1000.0000000000 0.0000000000 2220.9999999981 1000.0000000000 1081.0000000000
14:42:15.484 1000.0000000000 1000.0000000000 0.0000000000 2210.9999999981 1000.0000000000 1071.0000000000
14:42:15.515 1000.0000000000 1000.0000000000 0.0000000000 2210.9999999981 1000.0000000000 1071.0000000000
14:42:15.546 1000.0000000000 1000.0000000000 0.0000000000 2210.9999999981 1000.0000000000 1071.0000000000
14:42:15.578 1000.0000000000 1000.0000000000 0.0000000000 2228.9999999981 1000.0000000000 1089.0000000000
14:42:15.609 1000.0000000000 1000.0000000000 0.0000000000 2207.9999999981 1000.0000000000 1068.0000000000
14:42:15.640 1000.0000000000 1000.0000000000 0.0000000000 2207.9999999981 1000.0000000000 1068.0000000000
14:42:15.671 1000.0000000000 1000.0000000000 0.0000000000 2174.9999999981 1000.0000000000 1035.0000000000
14:42:15.703 1000.0000000000 1000.0000000000 0.0000000000 2148.9999999981 1000.0000000000 1009.0000000000
14:42:15.734 1000.0000000000 1000.0000000000 0.0000000000 2148.9999999981 1000.0000000000 1009.0000000000
14:42:15.765 1000.0000000000 1000.0000000000 0.0000000000 2174.9999999981 1000.0000000000 1035.0000000000
14:42:15.796 1000.0000000000 1000.0000000000 0.0000000000 2174.9999999981 1000.0000000000 1035.0000000000
14:42:15.828 1000.0000000000 1000.0000000000 0.0000000000 2213.9999999981 1000.0000000000 1074.0000000000
14:42:15.859 1000.0000000000 1000.0000000000 0.0000000000 2174.9999999981 1000.0000000000 1035.0000000000
14:42:15.890 1000.0000000000 1000.0000000000 0.0000000000 2174.9999999981 1000.0000000000 1035.0000000000
14:42:15.921 1000.0000000000 1000.0000000000 0.0000000000 2178.9999999981 1000.0000000000 1039.0000000000
14:42:15.953 1000.0000000000 1000.0000000000 0.0000000000 2189.9999999981 1000.0000000000 1050.0000000000
14:42:15.984 1000.0000000000 1000.0000000000 0.0000000000 2189.9999999981 1000.0000000000 1050.0000000000
14:42:16.015 1000.0000000000 1000.0000000000 0.0000000000 2207.9999999981 1000.0000000000 1068.0000000000
14:42:16.046 1000.0000000000 1000.0000000000 0.0000000000 2189.9999999981 1000.0000000000 1050.0000000000
14:42:16.078 1000.0000000000 1000.0000000000 0.0000000000 2180.9999999981 1000.0000000000 1041.0000000000
14:42:16.109 1000.0000000000 1000.0000000000 0.0000000000 2189.9999999981 1000.0000000000 1050.0000000000
14:42:16.140 1000.0000000000 1000.0000000000 0.0000000000 2195.9999999981 1000.0000000000 1056.0000000000
14:42:16.171 1000.0000000000 1000.0000000000 0.0000000000 2184.9999999981 1000.0000000000 1045.0000000000
14:42:16.203 1000.0000000000 1000.0000000000 0.0000000000 2184.9999999981 1000.0000000000 1045.0000000000
14:42:16.234 1000.0000000000 1000.0000000000 0.0000000000 2195.9999999981 1000.0000000000 1056.0000000000
14:42:16.265 1000.0000000000 1000.0000000000 0.0000000000 2176.9999999981 1000.0000000000 1037.0000000000
14:42:16.296 1000.0000000000 1000.0000000000 0.0000000000 2195.9999999981 1000.0000000000 1056.0000000000
14:42:16.328 1000.0000000000 1000.0000000000 0.0000000000 2176.9999999981 1000.0000000000 1037.0000000000
14:42:16.359 1000.0000000000 1000.0000000000 0.0000000000 2175.9999999981 1000.0000000000 1036.0000000000
14:42:16.390 1000.0000000000 1000.0000000000 0.0000000000 2176.9999999981 1000.0000000000 1037.0000000000
14:42:16.421 1000.0000000000 1000.0000000000 0.0000000000 2182.9999999981 1000.0000000000 1043.0000000000
14:42:16.453 1000.0000000000 1000.0000000000 0.0000000000 2182.9999999981 1000.0000000000 1043.0000000000
14:42:16.484 1000.0000000000 1000.0000000000 0.0000000000 2192.9999999981 1000.0000000000 1053.0000000000
14:42:16.515 1000.0000000000 1000.0000000000 0.0000000000 2232.9999999981 1000.0000000000 1093.0000000000
14:42:16.546 1000.0000000000 1000.0000000000 0.0000000000 2198.9999999981 1000.0000000000 1059.0000000000
14:42:16.578 1000.0000000000 1000.0000000000 0.0000000000 2198.9999999981 1000.0000000000 1059.0000000000
14:42:16.609 1000.0000000000 1000.0000000000 0.0000000000 2198.9999999981 1000.0000000000 1059.0000000000
14:42:16.640 1000.0000000000 1000.0000000000 0.0000000000 2198.9999999981 1000.0000000000 1059.0000000000
14:42:16.671 1000.0000000000 1000.0000000000 0.0000000000 2208.9999999981 1000.0000000000 1069.0000000000
14:42:16.703 1000.0000000000 1000.0000000000 0.0000000000 2198.9999999981 1000.0000000000 1059.0000000000
14:42:16.734 1000.0000000000 1000.0000000000 0.0000000000 2181.9999999981 1000.0000000000 1042.0000000000
14:42:16.765 1000.0000000000 1000.0000000000 0.0000000000 2198.9999999981 1000.0000000000 1059.0000000000
14:42:16.796 1000.0000000000 1000.0000000000 0.0000000000 n/a n/a n/a
14:42:16.828 1000.0000000000 1000.0000000000 0.0000000000 2191.9999999981 1000.0000000000 1052.0000000000
14:42:16.859 1000.0000000000 1000.0000000000 0.0000000000 2212.9999999981 1000.0000000000 1073.0000000000
14:42:16.890 1000.0000000000 1000.0000000000 0.0000000000 2191.9999999981 1000.0000000000 1052.0000000000
14:42:16.921 1000.0000000000 1000.0000000000 0.0000000000 2179.9999999981 1000.0000000000 1040.0000000000
14:42:16.953 1000.0000000000 1000.0000000000 0.0000000000 2179.9999999981 1000.0000000000 1040.0000000000
14:42:16.984 1000.0000000000 1000.0000000000 0.0000000000 2191.9999999981 1000.0000000000 1052.0000000000
14:42:17.015 1000.0000000000 1000.0000000000 0.0000000000 2189.9999999981 1000.0000000000 1050.0000000000
14:42:17.046 1000.0000000000 1000.0000000000 0.0000000000 2191.9999999981 1000.0000000000 1052.0000000000
14:42:17.078 1000.0000000000 1000.0000000000 0.0000000000 n/a n/a n/a
14:42:17.109 1000.0000000000 1000.0000000000 0.0000000000 n/a n/a n/a
14:42:17.140 1000.0000000000 1000.0000000000 0.0000000000 n/a n/a n/a
14:42:17.171 1000.0000000000 1000.0000000000 0.0000000000 n/a n/a n/a
14:42:17.203 1000.0000000000 1000.0000000000 0.0000000000 2198.9999999981 1000.0000000000 1059.0000000000
14:42:17.234 1000.0000000000 1000.0000000000 0.0000000000 2198.9999999981 1000.0000000000 1059.0000000000
14:42:17.265 1000.0000000000 1000.0000000000 0.0000000000 2217.9999999981 1000.0000000000 1078.0000000000
14:42:17.296 1000.0000000000 1000.0000000000 0.0000000000 2217.9999999981 1000.0000000000 1078.0000000000
14:42:17.328 1000.0000000000 1000.0000000000 0.0000000000 2218.9999999981 1000.0000000000 1079.0000000000
14:42:17.359 1000.0000000000 1000.0000000000 0.0000000000 2217.9999999981 1000.0000000000 1078.0000000000
14:42:17.390 1000.0000000000 1000.0000000000 0.0000000000 2217.9999999981 1000.0000000000 1078.0000000000
14:42:17.421 1000.0000000000 1000.0000000000 0.0000000000 2218.9999999981 1000.0000000000 1079.0000000000
14:42:17.453 1000.0000000000 1000.0000000000 0.0000000000 2217.9999999981 1000.0000000000 1078.0000000000
14:42:17.484 1000.0000000000 1000.0000000000 0.0000000000 2217.9999999981 1000.0000000000 1078.0000000000
14:42:17.515 1000.0000000000 1000.0000000000 0.0000000000 2217.9999999981 1000.0000000000 1078.0000000000
14:42:17.546 1000.0000000000 1000.0000000000 0.0000000000 2202.9999999981 1000.0000000000 1063.0000000000
14:42:17.578 1000.0000000000 1000.0000000000 0.0000000000 2185.9999999981 1000.0000000000 1046.0000000000
14:42:17.609 1000.0000000000 1000.0000000000 0.0000000000 2191.9999999981 1000.0000000000 1052.0000000000
14:42:17.640 1000.0000000000 1000.0000000000 0.0000000000 2202.9999999981 1000.0000000000 1063.0000000000
14:42:17.671 1000.0000000000 1000.0000000000 0.0000000000 2196.9999999981 1000.0000000000 1057.0000000000
14:42:17.703 1000.0000000000 1000.0000000000 0.0000000000 2202.9999999981 1000.0000000000 1063.0000000000
14:42:17.734 1000.0000000000 1000.0000000000 0.0000000000 2201.9999999981 1000.0000000000 1062.0000000000
14:42:17.765 1000.0000000000 1000.0000000000 0.0000000000 2196.9999999981 1000.0000000000 1057.0000000000
14:42:17.796 1000.0000000000 1000.0000000000 0.0000000000 2196.9999999981 1000.0000000000 1057.0000000000
14:42:17.828 1000.0000000000 1000.0000000000 0.0000000000 2136.9999999981 1000.0000000000 997.0000000000
14:42:17.859 1000.0000000000 1000.0000000000 0.0000000000 2136.9999999981 1000.0000000000 997.0000000000
14:42:17.890 1000.0000000000 1000.0000000000 0.0000000000 2156.9999999981 1000.0000000000 1017.0000000000
