Тестовая информация 0. Исходные сенсорные данные: Time, X_rob, Y_rob, Ang_rob, X_obj, Y_obj, Distance (мм, град)
14:31:06.890 1000.0000000000 1000.0000000000 0.0000000000 1406.9999999981 1000.0000000000 267.0000000000
14:31:06.921 1000.0000000000 1000.0000000000 0.0000000000 1406.9999999981 1000.0000000000 267.0000000000
14:31:06.953 1000.0000000000 1000.0000000000 0.0000000000 1406.9999999981 1000.0000000000 267.0000000000
14:31:06.984 1000.0000000000 1000.0000000000 0.0000000000 1406.9999999981 1000.0000000000 267.0000000000
14:31:07.015 1000.0000000000 1000.0000000000 0.0000000000 1406.9999999981 1000.0000000000 267.0000000000
14:31:07.046 1000.0000000000 1000.0000000000 0.0000000000 1406.9999999981 1000.0000000000 267.0000000000
14:31:07.078 1000.0000000000 1000.0000000000 0.0000000000 1406.9999999981 1000.0000000000 267.0000000000
14:31:07.109 1000.0000000000 1000.0000000000 0.0000000000 1406.9999999981 1000.0000000000 267.0000000000
14:31:07.140 1000.0000000000 1000.0000000000 0.0000000000 1406.9999999981 1000.0000000000 267.0000000000
14:31:07.171 1000.0000000000 1000.0000000000 0.0000000000 1406.9999999981 1000.0000000000 267.0000000000
14:31:07.203 1000.0000000000 1000.0000000000 0.0000000000 1406.9999999981 1000.0000000000 267.0000000000
14:31:07.234 1000.0000000000 1000.0000000000 0.0000000000 1406.9999999981 1000.0000000000 267.0000000000
14:31:07.265 1000.0000000000 1000.0000000000 0.0000000000 1406.9999999981 1000.0000000000 267.0000000000
14:31:07.296 1000.0000000000 1000.0000000000 0.0000000000 1406.9999999981 1000.0000000000 267.0000000000
14:31:07.328 1000.0000000000 1000.0000000000 0.0000000000 1406.9999999981 1000.0000000000 267.0000000000
14:31:07.359 1000.0000000000 1000.0000000000 0.0000000000 1406.9999999981 1000.0000000000 267.0000000000
14:31:07.390 1000.0000000000 1000.0000000000 0.0000000000 1406.9999999981 1000.0000000000 267.0000000000
14:31:07.421 1000.0000000000 1000.0000000000 0.0000000000 1406.9999999981 1000.0000000000 267.0000000000
14:31:07.453 1000.0000000000 1000.0000000000 0.0000000000 1406.9999999981 1000.0000000000 267.0000000000
14:31:07.484 1000.0000000000 1000.0000000000 0.0000000000 1406.9999999981 1000.0000000000 267.0000000000
14:31:07.515 1000.0000000000 1000.0000000000 0.0000000000 1406.9999999981 1000.0000000000 267.0000000000
14:31:07.546 1000.0000000000 1000.0000000000 0.0000000000 1406.9999999981 1000.0000000000 267.0000000000
14:31:07.578 1000.0000000000 1000.0000000000 0.0000000000 1406.9999999981 1000.0000000000 267.0000000000
14:31:07.609 1000.0000000000 1000.0000000000 0.0000000000 1406.9999999981 1000.0000000000 267.0000000000
14:31:07.640 1000.0000000000 1000.0000000000 0.0000000000 1406.9999999981 1000.0000000000 267.0000000000
14:31:07.671 1000.0000000000 1000.0000000000 0.0000000000 1406.9999999981 1000.0000000000 267.0000000000
14:31:07.703 1000.0000000000 1000.0000000000 0.0000000000 1405.9999999981 1000.0000000000 266.0000000000
14:31:07.734 1000.0000000000 1000.0000000000 0.0000000000 1406.9999999981 1000.0000000000 267.0000000000
14:31:07.765 1000.0000000000 1000.0000000000 0.0000000000 1406.9999999981 1000.0000000000 267.0000000000
14:31:07.796 1000.0000000000 1000.0000000000 0.0000000000 1406.9999999981 1000.0000000000 267.0000000000
14:31:07.828 1000.0000000000 1000.0000000000 0.0000000000 1406.9999999981 1000.0000000000 267.0000000000
14:31:07.859 1000.0000000000 1000.0000000000 0.0000000000 1406.9999999981 1000.0000000000 267.0000000000
14:31:07.890 1000.0000000000 1000.0000000000 0.0000000000 1406.9999999981 1000.0000000000 267.0000000000
14:31:07.921 1000.0000000000 1000.0000000000 0.0000000000 1406.9999999981 1000.0000000000 267.0000000000
14:31:07.953 1000.0000000000 1000.0000000000 0.0000000000 1406.9999999981 1000.0000000000 267.0000000000
14:31:07.984 1000.0000000000 1000.0000000000 0.0000000000 1406.9999999981 1000.0000000000 267.0000000000
14:31:08.015 1000.0000000000 1000.0000000000 0.0000000000 1406.9999999981 1000.0000000000 267.0000000000
14:31:08.046 1000.0000000000 1000.0000000000 0.0000000000 1406.9999999981 1000.0000000000 267.0000000000
14:31:08.078 1000.0000000000 1000.0000000000 0.0000000000 1406.9999999981 1000.0000000000 267.0000000000
14:31:08.109 1000.0000000000 1000.0000000000 0.0000000000 1406.9999999981 1000.0000000000 267.0000000000
14:31:08.140 1000.0000000000 1000.0000000000 0.0000000000 1406.9999999981 1000.0000000000 267.0000000000
14:31:08.171 1000.0000000000 1000.0000000000 0.0000000000 1406.9999999981 1000.0000000000 267.0000000000
14:31:08.234 1000.0000000000 1000.0000000000 0.0000000000 1406.9999999981 1000.0000000000 267.0000000000
14:31:08.265 1000.0000000000 1000.0000000000 0.0000000000 1406.9999999981 1000.0000000000 267.0000000000
14:31:08.296 1000.0000000000 1000.0000000000 0.0000000000 1406.9999999981 1000.0000000000 267.0000000000
14:31:08.328 1000.0000000000 1000.0000000000 0.0000000000 1406.9999999981 1000.0000000000 267.0000000000
14:31:08.359 1000.0000000000 1000.0000000000 0.0000000000 1406.9999999981 1000.0000000000 267.0000000000
14:31:08.390 1000.0000000000 1000.0000000000 0.0000000000 1406.9999999981 1000.0000000000 267.0000000000
14:31:08.421 1000.0000000000 1000.0000000000 0.0000000000 1406.9999999981 1000.0000000000 267.0000000000
14:31:08.453 1000.0000000000 1000.0000000000 0.0000000000 1406.9999999981 1000.0000000000 267.0000000000
14:31:08.484 1000.0000000000 1000.0000000000 0.0000000000 1406.9999999981 1000.0000000000 267.0000000000
14:31:08.515 1000.0000000000 1000.0000000000 0.0000000000 1406.9999999981 1000.0000000000 267.0000000000
14:31:08.546 1000.0000000000 1000.0000000000 0.0000000000 1406.9999999981 1000.0000000000 267.0000000000
14:31:08.578 1000.0000000000 1000.0000000000 0.0000000000 1406.9999999981 1000.0000000000 267.0000000000
14:31:08.609 1000.0000000000 1000.0000000000 0.0000000000 1406.9999999981 1000.0000000000 267.0000000000
14:31:08.640 1000.0000000000 1000.0000000000 0.0000000000 1406.9999999981 1000.0000000000 267.0000000000
14:31:08.671 1000.0000000000 1000.0000000000 0.0000000000 1406.9999999981 1000.0000000000 267.0000000000
14:31:08.703 1000.0000000000 1000.0000000000 0.0000000000 1406.9999999981 1000.0000000000 267.0000000000
14:31:08.734 1000.0000000000 1000.0000000000 0.0000000000 1406.9999999981 1000.0000000000 267.0000000000
14:31:08.765 1000.0000000000 1000.0000000000 0.0000000000 1406.9999999981 1000.0000000000 267.0000000000
14:31:08.796 1000.0000000000 1000.0000000000 0.0000000000 1406.9999999981 1000.0000000000 267.0000000000
14:31:08.828 1000.0000000000 1000.0000000000 0.0000000000 1406.9999999981 1000.0000000000 267.0000000000
14:31:08.859 1000.0000000000 1000.0000000000 0.0000000000 1406.9999999981 1000.0000000000 267.0000000000
14:31:08.890 1000.0000000000 1000.0000000000 0.0000000000 1406.9999999981 1000.0000000000 267.0000000000
14:31:08.921 1000.0000000000 1000.0000000000 0.0000000000 1406.9999999981 1000.0000000000 267.0000000000
14:31:08.953 1000.0000000000 1000.0000000000 0.0000000000 1406.9999999981 1000.0000000000 267.0000000000
14:31:08.984 1000.0000000000 1000.0000000000 0.0000000000 1406.9999999981 1000.0000000000 267.0000000000
14:31:09.015 1000.0000000000 1000.0000000000 0.0000000000 1406.9999999981 1000.0000000000 267.0000000000
14:31:09.046 1000.0000000000 1000.0000000000 0.0000000000 1405.9999999981 1000.0000000000 266.0000000000
14:31:09.078 1000.0000000000 1000.0000000000 0.0000000000 1405.9999999981 1000.0000000000 266.0000000000
14:31:09.109 1000.0000000000 1000.0000000000 0.0000000000 1406.9999999981 1000.0000000000 267.0000000000
14:31:09.140 1000.0000000000 1000.0000000000 0.0000000000 1406.9999999981 1000.0000000000 267.0000000000
14:31:09.171 1000.0000000000 1000.0000000000 0.0000000000 1406.9999999981 1000.0000000000 267.0000000000
14:31:09.203 1000.0000000000 1000.0000000000 0.0000000000 1406.9999999981 1000.0000000000 267.0000000000
14:31:09.234 1000.0000000000 1000.0000000000 0.0000000000 1406.9999999981 1000.0000000000 267.0000000000
14:31:09.265 1000.0000000000 1000.0000000000 0.0000000000 1406.9999999981 1000.0000000000 267.0000000000
14:31:09.296 1000.0000000000 1000.0000000000 0.0000000000 1406.9999999981 1000.0000000000 267.0000000000
14:31:09.328 1000.0000000000 1000.0000000000 0.0000000000 1406.9999999981 1000.0000000000 267.0000000000
14:31:09.359 1000.0000000000 1000.0000000000 0.0000000000 1406.9999999981 1000.0000000000 267.0000000000
14:31:09.390 1000.0000000000 1000.0000000000 0.0000000000 1405.9999999981 1000.0000000000 266.0000000000
14:31:09.421 1000.0000000000 1000.0000000000 0.0000000000 1405.9999999981 1000.0000000000 266.0000000000
14:31:09.484 1000.0000000000 1000.0000000000 0.0000000000 1406.9999999981 1000.0000000000 267.0000000000
14:31:09.515 1000.0000000000 1000.0000000000 0.0000000000 1406.9999999981 1000.0000000000 267.0000000000
14:31:09.546 1000.0000000000 1000.0000000000 0.0000000000 1406.9999999981 1000.0000000000 267.0000000000
14:31:09.578 1000.0000000000 1000.0000000000 0.0000000000 1406.9999999981 1000.0000000000 267.0000000000
14:31:09.609 1000.0000000000 1000.0000000000 0.0000000000 1406.9999999981 1000.0000000000 267.0000000000
14:31:09.640 1000.0000000000 1000.0000000000 0.0000000000 1406.9999999981 1000.0000000000 267.0000000000
14:31:09.671 1000.0000000000 1000.0000000000 0.0000000000 1406.9999999981 1000.0000000000 267.0000000000
14:31:09.703 1000.0000000000 1000.0000000000 0.0000000000 1406.9999999981 1000.0000000000 267.0000000000
14:31:09.734 1000.0000000000 1000.0000000000 0.0000000000 1406.9999999981 1000.0000000000 267.0000000000
14:31:09.765 1000.0000000000 1000.0000000000 0.0000000000 1406.9999999981 1000.0000000000 267.0000000000
14:31:09.796 1000.0000000000 1000.0000000000 0.0000000000 1406.9999999981 1000.0000000000 267.0000000000
14:31:09.828 1000.0000000000 1000.0000000000 0.0000000000 1406.9999999981 1000.0000000000 267.0000000000
14:31:09.875 1000.0000000000 1000.0000000000 0.0000000000 1406.9999999981 1000.0000000000 267.0000000000
14:31:09.890 1000.0000000000 1000.0000000000 0.0000000000 1406.9999999981 1000.0000000000 267.0000000000
14:31:09.921 1000.0000000000 1000.0000000000 0.0000000000 1406.9999999981 1000.0000000000 267.0000000000
14:31:09.953 1000.0000000000 1000.0000000000 0.0000000000 1406.9999999981 1000.0000000000 267.0000000000
14:31:09.984 1000.0000000000 1000.0000000000 0.0000000000 1406.9999999981 1000.0000000000 267.0000000000
14:31:10.015 1000.0000000000 1000.0000000000 0.0000000000 1406.9999999981 1000.0000000000 267.0000000000
14:31:10.046 1000.0000000000 1000.0000000000 0.0000000000 1406.9999999981 1000.0000000000 267.0000000000
14:31:10.078 1000.0000000000 1000.0000000000 0.0000000000 1406.9999999981 1000.0000000000 267.0000000000
14:31:10.109 1000.0000000000 1000.0000000000 0.0000000000 1406.9999999981 1000.0000000000 267.0000000000
14:31:10.140 1000.0000000000 1000.0000000000 0.0000000000 1406.9999999981 1000.0000000000 267.0000000000
14:31:10.171 1000.0000000000 1000.0000000000 0.0000000000 1406.9999999981 1000.0000000000 267.0000000000
14:31:10.203 1000.0000000000 1000.0000000000 0.0000000000 1406.9999999981 1000.0000000000 267.0000000000
14:31:10.234 1000.0000000000 1000.0000000000 0.0000000000 1406.9999999981 1000.0000000000 267.0000000000
14:31:10.265 1000.0000000000 1000.0000000000 0.0000000000 1406.9999999981 1000.0000000000 267.0000000000
14:31:10.296 1000.0000000000 1000.0000000000 0.0000000000 1406.9999999981 1000.0000000000 267.0000000000
14:31:10.328 1000.0000000000 1000.0000000000 0.0000000000 1406.9999999981 1000.0000000000 267.0000000000
14:31:10.359 1000.0000000000 1000.0000000000 0.0000000000 1406.9999999981 1000.0000000000 267.0000000000
14:31:10.390 1000.0000000000 1000.0000000000 0.0000000000 1406.9999999981 1000.0000000000 267.0000000000
14:31:10.421 1000.0000000000 1000.0000000000 0.0000000000 1406.9999999981 1000.0000000000 267.0000000000
14:31:10.453 1000.0000000000 1000.0000000000 0.0000000000 1406.9999999981 1000.0000000000 267.0000000000
14:31:10.484 1000.0000000000 1000.0000000000 0.0000000000 1406.9999999981 1000.0000000000 267.0000000000
14:31:10.515 1000.0000000000 1000.0000000000 0.0000000000 1406.9999999981 1000.0000000000 267.0000000000
14:31:10.546 1000.0000000000 1000.0000000000 0.0000000000 1406.9999999981 1000.0000000000 267.0000000000
14:31:10.578 1000.0000000000 1000.0000000000 0.0000000000 1405.9999999981 1000.0000000000 266.0000000000
14:31:10.609 1000.0000000000 1000.0000000000 0.0000000000 1406.9999999981 1000.0000000000 267.0000000000
14:31:10.640 1000.0000000000 1000.0000000000 0.0000000000 1406.9999999981 1000.0000000000 267.0000000000
14:31:10.671 1000.0000000000 1000.0000000000 0.0000000000 1406.9999999981 1000.0000000000 267.0000000000
14:31:10.703 1000.0000000000 1000.0000000000 0.0000000000 1406.9999999981 1000.0000000000 267.0000000000
14:31:10.734 1000.0000000000 1000.0000000000 0.0000000000 1406.9999999981 1000.0000000000 267.0000000000
14:31:10.765 1000.0000000000 1000.0000000000 0.0000000000 1406.9999999981 1000.0000000000 267.0000000000
14:31:10.796 1000.0000000000 1000.0000000000 0.0000000000 1406.9999999981 1000.0000000000 267.0000000000
14:31:10.828 1000.0000000000 1000.0000000000 0.0000000000 1406.9999999981 1000.0000000000 267.0000000000
14:31:10.859 1000.0000000000 1000.0000000000 0.0000000000 1406.9999999981 1000.0000000000 267.0000000000
14:31:10.890 1000.0000000000 1000.0000000000 0.0000000000 1406.9999999981 1000.0000000000 267.0000000000
14:31:10.921 1000.0000000000 1000.0000000000 0.0000000000 1406.9999999981 1000.0000000000 267.0000000000
14:31:10.953 1000.0000000000 1000.0000000000 0.0000000000 1406.9999999981 1000.0000000000 267.0000000000
14:31:10.984 1000.0000000000 1000.0000000000 0.0000000000 1406.9999999981 1000.0000000000 267.0000000000
14:31:11.015 1000.0000000000 1000.0000000000 0.0000000000 1406.9999999981 1000.0000000000 267.0000000000
14:31:11.046 1000.0000000000 1000.0000000000 0.0000000000 1406.9999999981 1000.0000000000 267.0000000000
14:31:11.078 1000.0000000000 1000.0000000000 0.0000000000 1406.9999999981 1000.0000000000 267.0000000000
14:31:11.109 1000.0000000000 1000.0000000000 0.0000000000 1406.9999999981 1000.0000000000 267.0000000000
14:31:11.140 1000.0000000000 1000.0000000000 0.0000000000 1406.9999999981 1000.0000000000 267.0000000000
14:31:11.171 1000.0000000000 1000.0000000000 0.0000000000 1406.9999999981 1000.0000000000 267.0000000000
14:31:11.203 1000.0000000000 1000.0000000000 0.0000000000 1406.9999999981 1000.0000000000 267.0000000000
14:31:11.234 1000.0000000000 1000.0000000000 0.0000000000 1406.9999999981 1000.0000000000 267.0000000000
14:31:11.265 1000.0000000000 1000.0000000000 0.0000000000 1406.9999999981 1000.0000000000 267.0000000000
14:31:11.296 1000.0000000000 1000.0000000000 0.0000000000 1406.9999999981 1000.0000000000 267.0000000000
14:31:11.328 1000.0000000000 1000.0000000000 0.0000000000 1406.9999999981 1000.0000000000 267.0000000000
14:31:11.359 1000.0000000000 1000.0000000000 0.0000000000 1406.9999999981 1000.0000000000 267.0000000000
14:31:11.390 1000.0000000000 1000.0000000000 0.0000000000 1406.9999999981 1000.0000000000 267.0000000000
14:31:11.421 1000.0000000000 1000.0000000000 0.0000000000 1406.9999999981 1000.0000000000 267.0000000000
14:31:11.453 1000.0000000000 1000.0000000000 0.0000000000 1406.9999999981 1000.0000000000 267.0000000000
14:31:11.484 1000.0000000000 1000.0000000000 0.0000000000 1406.9999999981 1000.0000000000 267.0000000000
14:31:11.515 1000.0000000000 1000.0000000000 0.0000000000 1406.9999999981 1000.0000000000 267.0000000000
14:31:11.546 1000.0000000000 1000.0000000000 0.0000000000 1406.9999999981 1000.0000000000 267.0000000000
14:31:11.578 1000.0000000000 1000.0000000000 0.0000000000 1406.9999999981 1000.0000000000 267.0000000000
14:31:11.609 1000.0000000000 1000.0000000000 0.0000000000 1406.9999999981 1000.0000000000 267.0000000000
14:31:11.640 1000.0000000000 1000.0000000000 0.0000000000 1406.9999999981 1000.0000000000 267.0000000000
14:31:11.671 1000.0000000000 1000.0000000000 0.0000000000 1406.9999999981 1000.0000000000 267.0000000000
14:31:11.703 1000.0000000000 1000.0000000000 0.0000000000 1406.9999999981 1000.0000000000 267.0000000000
14:31:11.734 1000.0000000000 1000.0000000000 0.0000000000 1406.9999999981 1000.0000000000 267.0000000000
14:31:11.765 1000.0000000000 1000.0000000000 0.0000000000 1406.9999999981 1000.0000000000 267.0000000000
14:31:11.796 1000.0000000000 1000.0000000000 0.0000000000 1406.9999999981 1000.0000000000 267.0000000000
14:31:11.828 1000.0000000000 1000.0000000000 0.0000000000 1406.9999999981 1000.0000000000 267.0000000000
14:31:11.859 1000.0000000000 1000.0000000000 0.0000000000 1406.9999999981 1000.0000000000 267.0000000000
14:31:11.890 1000.0000000000 1000.0000000000 0.0000000000 1406.9999999981 1000.0000000000 267.0000000000
14:31:11.921 1000.0000000000 1000.0000000000 0.0000000000 1406.9999999981 1000.0000000000 267.0000000000
14:31:11.953 1000.0000000000 1000.0000000000 0.0000000000 1406.9999999981 1000.0000000000 267.0000000000
14:31:11.984 1000.0000000000 1000.0000000000 0.0000000000 1406.9999999981 1000.0000000000 267.0000000000
14:31:12.015 1000.0000000000 1000.0000000000 0.0000000000 1406.9999999981 1000.0000000000 267.0000000000
14:31:12.046 1000.0000000000 1000.0000000000 0.0000000000 1406.9999999981 1000.0000000000 267.0000000000
14:31:12.093 1000.0000000000 1000.0000000000 0.0000000000 1406.9999999981 1000.0000000000 267.0000000000
14:31:12.109 1000.0000000000 1000.0000000000 0.0000000000 1406.9999999981 1000.0000000000 267.0000000000
14:31:12.140 1000.0000000000 1000.0000000000 0.0000000000 1406.9999999981 1000.0000000000 267.0000000000
14:31:12.171 1000.0000000000 1000.0000000000 0.0000000000 1406.9999999981 1000.0000000000 267.0000000000
14:31:12.203 1000.0000000000 1000.0000000000 0.0000000000 1406.9999999981 1000.0000000000 267.0000000000
14:31:12.234 1000.0000000000 1000.0000000000 0.0000000000 1406.9999999981 1000.0000000000 267.0000000000
14:31:12.265 1000.0000000000 1000.0000000000 0.0000000000 1406.9999999981 1000.0000000000 267.0000000000
14:31:12.296 1000.0000000000 1000.0000000000 0.0000000000 1406.9999999981 1000.0000000000 267.0000000000
14:31:12.328 1000.0000000000 1000.0000000000 0.0000000000 1406.9999999981 1000.0000000000 267.0000000000
14:31:12.359 1000.0000000000 1000.0000000000 0.0000000000 1406.9999999981 1000.0000000000 267.0000000000
14:31:12.390 1000.0000000000 1000.0000000000 0.0000000000 1406.9999999981 1000.0000000000 267.0000000000
14:31:12.421 1000.0000000000 1000.0000000000 0.0000000000 1406.9999999981 1000.0000000000 267.0000000000
14:31:12.453 1000.0000000000 1000.0000000000 0.0000000000 1406.9999999981 1000.0000000000 267.0000000000
14:31:12.484 1000.0000000000 1000.0000000000 0.0000000000 1407.9999999981 1000.0000000000 268.0000000000
14:31:12.515 1000.0000000000 1000.0000000000 0.0000000000 1406.9999999981 1000.0000000000 267.0000000000
14:31:12.546 1000.0000000000 1000.0000000000 0.0000000000 1406.9999999981 1000.0000000000 267.0000000000
14:31:12.578 1000.0000000000 1000.0000000000 0.0000000000 1406.9999999981 1000.0000000000 267.0000000000
14:31:12.609 1000.0000000000 1000.0000000000 0.0000000000 1406.9999999981 1000.0000000000 267.0000000000
14:31:12.640 1000.0000000000 1000.0000000000 0.0000000000 1406.9999999981 1000.0000000000 267.0000000000
14:31:12.671 1000.0000000000 1000.0000000000 0.0000000000 1406.9999999981 1000.0000000000 267.0000000000
14:31:12.703 1000.0000000000 1000.0000000000 0.0000000000 1406.9999999981 1000.0000000000 267.0000000000
14:31:12.734 1000.0000000000 1000.0000000000 0.0000000000 1406.9999999981 1000.0000000000 267.0000000000
14:31:12.765 1000.0000000000 1000.0000000000 0.0000000000 1406.9999999981 1000.0000000000 267.0000000000
14:31:12.796 1000.0000000000 1000.0000000000 0.0000000000 1406.9999999981 1000.0000000000 267.0000000000
14:31:12.828 1000.0000000000 1000.0000000000 0.0000000000 1406.9999999981 1000.0000000000 267.0000000000
14:31:12.859 1000.0000000000 1000.0000000000 0.0000000000 1406.9999999981 1000.0000000000 267.0000000000
14:31:12.890 1000.0000000000 1000.0000000000 0.0000000000 1406.9999999981 1000.0000000000 267.0000000000
14:31:12.921 1000.0000000000 1000.0000000000 0.0000000000 1406.9999999981 1000.0000000000 267.0000000000
14:31:12.953 1000.0000000000 1000.0000000000 0.0000000000 1406.9999999981 1000.0000000000 267.0000000000
14:31:12.984 1000.0000000000 1000.0000000000 0.0000000000 1406.9999999981 1000.0000000000 267.0000000000
14:31:13.015 1000.0000000000 1000.0000000000 0.0000000000 1406.9999999981 1000.0000000000 267.0000000000
14:31:13.046 1000.0000000000 1000.0000000000 0.0000000000 1406.9999999981 1000.0000000000 267.0000000000
14:31:13.078 1000.0000000000 1000.0000000000 0.0000000000 1406.9999999981 1000.0000000000 267.0000000000
14:31:13.109 1000.0000000000 1000.0000000000 0.0000000000 1406.9999999981 1000.0000000000 267.0000000000
14:31:13.140 1000.0000000000 1000.0000000000 0.0000000000 1406.9999999981 1000.0000000000 267.0000000000
14:31:13.171 1000.0000000000 1000.0000000000 0.0000000000 1406.9999999981 1000.0000000000 267.0000000000
14:31:13.203 1000.0000000000 1000.0000000000 0.0000000000 1406.9999999981 1000.0000000000 267.0000000000
14:31:13.234 1000.0000000000 1000.0000000000 0.0000000000 1406.9999999981 1000.0000000000 267.0000000000
14:31:13.265 1000.0000000000 1000.0000000000 0.0000000000 1406.9999999981 1000.0000000000 267.0000000000
14:31:13.296 1000.0000000000 1000.0000000000 0.0000000000 1406.9999999981 1000.0000000000 267.0000000000
14:31:13.328 1000.0000000000 1000.0000000000 0.0000000000 1406.9999999981 1000.0000000000 267.0000000000
14:31:13.359 1000.0000000000 1000.0000000000 0.0000000000 1406.9999999981 1000.0000000000 267.0000000000
14:31:13.390 1000.0000000000 1000.0000000000 0.0000000000 1406.9999999981 1000.0000000000 267.0000000000
14:31:13.421 1000.0000000000 1000.0000000000 0.0000000000 1406.9999999981 1000.0000000000 267.0000000000
14:31:13.453 1000.0000000000 1000.0000000000 0.0000000000 1406.9999999981 1000.0000000000 267.0000000000
14:31:13.484 1000.0000000000 1000.0000000000 0.0000000000 1406.9999999981 1000.0000000000 267.0000000000
14:31:13.515 1000.0000000000 1000.0000000000 0.0000000000 1406.9999999981 1000.0000000000 267.0000000000
14:31:13.546 1000.0000000000 1000.0000000000 0.0000000000 1406.9999999981 1000.0000000000 267.0000000000
14:31:13.578 1000.0000000000 1000.0000000000 0.0000000000 1406.9999999981 1000.0000000000 267.0000000000
14:31:13.609 1000.0000000000 1000.0000000000 0.0000000000 1406.9999999981 1000.0000000000 267.0000000000
14:31:13.640 1000.0000000000 1000.0000000000 0.0000000000 1406.9999999981 1000.0000000000 267.0000000000
14:31:13.671 1000.0000000000 1000.0000000000 0.0000000000 1406.9999999981 1000.0000000000 267.0000000000
14:31:13.703 1000.0000000000 1000.0000000000 0.0000000000 1406.9999999981 1000.0000000000 267.0000000000
14:31:13.734 1000.0000000000 1000.0000000000 0.0000000000 1406.9999999981 1000.0000000000 267.0000000000
14:31:13.765 1000.0000000000 1000.0000000000 0.0000000000 1406.9999999981 1000.0000000000 267.0000000000
14:31:13.796 1000.0000000000 1000.0000000000 0.0000000000 1406.9999999981 1000.0000000000 267.0000000000
14:31:13.828 1000.0000000000 1000.0000000000 0.0000000000 1406.9999999981 1000.0000000000 267.0000000000
14:31:13.859 1000.0000000000 1000.0000000000 0.0000000000 1406.9999999981 1000.0000000000 267.0000000000
14:31:13.890 1000.0000000000 1000.0000000000 0.0000000000 1406.9999999981 1000.0000000000 267.0000000000
14:31:13.921 1000.0000000000 1000.0000000000 0.0000000000 1406.9999999981 1000.0000000000 267.0000000000
14:31:13.953 1000.0000000000 1000.0000000000 0.0000000000 1406.9999999981 1000.0000000000 267.0000000000
14:31:13.984 1000.0000000000 1000.0000000000 0.0000000000 1407.9999999981 1000.0000000000 268.0000000000
14:31:14.015 1000.0000000000 1000.0000000000 0.0000000000 1406.9999999981 1000.0000000000 267.0000000000
14:31:14.046 1000.0000000000 1000.0000000000 0.0000000000 1406.9999999981 1000.0000000000 267.0000000000
14:31:14.078 1000.0000000000 1000.0000000000 0.0000000000 1406.9999999981 1000.0000000000 267.0000000000
14:31:14.109 1000.0000000000 1000.0000000000 0.0000000000 1406.9999999981 1000.0000000000 267.0000000000
14:31:14.140 1000.0000000000 1000.0000000000 0.0000000000 1406.9999999981 1000.0000000000 267.0000000000
14:31:14.171 1000.0000000000 1000.0000000000 0.0000000000 1406.9999999981 1000.0000000000 267.0000000000
14:31:14.203 1000.0000000000 1000.0000000000 0.0000000000 1406.9999999981 1000.0000000000 267.0000000000
14:31:14.234 1000.0000000000 1000.0000000000 0.0000000000 1406.9999999981 1000.0000000000 267.0000000000
14:31:14.265 1000.0000000000 1000.0000000000 0.0000000000 1406.9999999981 1000.0000000000 267.0000000000
14:31:14.296 1000.0000000000 1000.0000000000 0.0000000000 1406.9999999981 1000.0000000000 267.0000000000
14:31:14.328 1000.0000000000 1000.0000000000 0.0000000000 1406.9999999981 1000.0000000000 267.0000000000
14:31:14.359 1000.0000000000 1000.0000000000 0.0000000000 1406.9999999981 1000.0000000000 267.0000000000
14:31:14.390 1000.0000000000 1000.0000000000 0.0000000000 1406.9999999981 1000.0000000000 267.0000000000
14:31:14.421 1000.0000000000 1000.0000000000 0.0000000000 1406.9999999981 1000.0000000000 267.0000000000
14:31:14.453 1000.0000000000 1000.0000000000 0.0000000000 1406.9999999981 1000.0000000000 267.0000000000
14:31:14.484 1000.0000000000 1000.0000000000 0.0000000000 1406.9999999981 1000.0000000000 267.0000000000
14:31:14.515 1000.0000000000 1000.0000000000 0.0000000000 1406.9999999981 1000.0000000000 267.0000000000
14:31:14.546 1000.0000000000 1000.0000000000 0.0000000000 1406.9999999981 1000.0000000000 267.0000000000
14:31:14.578 1000.0000000000 1000.0000000000 0.0000000000 1406.9999999981 1000.0000000000 267.0000000000
14:31:14.609 1000.0000000000 1000.0000000000 0.0000000000 1406.9999999981 1000.0000000000 267.0000000000
14:31:14.640 1000.0000000000 1000.0000000000 0.0000000000 1406.9999999981 1000.0000000000 267.0000000000
14:31:14.671 1000.0000000000 1000.0000000000 0.0000000000 1406.9999999981 1000.0000000000 267.0000000000
14:31:14.703 1000.0000000000 1000.0000000000 0.0000000000 1406.9999999981 1000.0000000000 267.0000000000
14:31:14.734 1000.0000000000 1000.0000000000 0.0000000000 1406.9999999981 1000.0000000000 267.0000000000
14:31:14.765 1000.0000000000 1000.0000000000 0.0000000000 1406.9999999981 1000.0000000000 267.0000000000
14:31:14.796 1000.0000000000 1000.0000000000 0.0000000000 1406.9999999981 1000.0000000000 267.0000000000
14:31:14.828 1000.0000000000 1000.0000000000 0.0000000000 1406.9999999981 1000.0000000000 267.0000000000
14:31:14.859 1000.0000000000 1000.0000000000 0.0000000000 1406.9999999981 1000.0000000000 267.0000000000
14:31:14.890 1000.0000000000 1000.0000000000 0.0000000000 1406.9999999981 1000.0000000000 267.0000000000
14:31:14.921 1000.0000000000 1000.0000000000 0.0000000000 1406.9999999981 1000.0000000000 267.0000000000
14:31:14.953 1000.0000000000 1000.0000000000 0.0000000000 1406.9999999981 1000.0000000000 267.0000000000
14:31:14.984 1000.0000000000 1000.0000000000 0.0000000000 1406.9999999981 1000.0000000000 267.0000000000
14:31:15.015 1000.0000000000 1000.0000000000 0.0000000000 1406.9999999981 1000.0000000000 267.0000000000
14:31:15.046 1000.0000000000 1000.0000000000 0.0000000000 1406.9999999981 1000.0000000000 267.0000000000
14:31:15.078 1000.0000000000 1000.0000000000 0.0000000000 1406.9999999981 1000.0000000000 267.0000000000
14:31:15.109 1000.0000000000 1000.0000000000 0.0000000000 1406.9999999981 1000.0000000000 267.0000000000
14:31:15.140 1000.0000000000 1000.0000000000 0.0000000000 1406.9999999981 1000.0000000000 267.0000000000
14:31:15.171 1000.0000000000 1000.0000000000 0.0000000000 1406.9999999981 1000.0000000000 267.0000000000
14:31:15.203 1000.0000000000 1000.0000000000 0.0000000000 1406.9999999981 1000.0000000000 267.0000000000
14:31:15.234 1000.0000000000 1000.0000000000 0.0000000000 1406.9999999981 1000.0000000000 267.0000000000
14:31:15.265 1000.0000000000 1000.0000000000 0.0000000000 1406.9999999981 1000.0000000000 267.0000000000
14:31:15.296 1000.0000000000 1000.0000000000 0.0000000000 1406.9999999981 1000.0000000000 267.0000000000
14:31:15.328 1000.0000000000 1000.0000000000 0.0000000000 1406.9999999981 1000.0000000000 267.0000000000
14:31:15.359 1000.0000000000 1000.0000000000 0.0000000000 1406.9999999981 1000.0000000000 267.0000000000
14:31:15.390 1000.0000000000 1000.0000000000 0.0000000000 1406.9999999981 1000.0000000000 267.0000000000
14:31:15.421 1000.0000000000 1000.0000000000 0.0000000000 1406.9999999981 1000.0000000000 267.0000000000
14:31:15.453 1000.0000000000 1000.0000000000 0.0000000000 1406.9999999981 1000.0000000000 267.0000000000
14:31:15.484 1000.0000000000 1000.0000000000 0.0000000000 1406.9999999981 1000.0000000000 267.0000000000
14:31:15.515 1000.0000000000 1000.0000000000 0.0000000000 1406.9999999981 1000.0000000000 267.0000000000
14:31:15.546 1000.0000000000 1000.0000000000 0.0000000000 1406.9999999981 1000.0000000000 267.0000000000
14:31:15.578 1000.0000000000 1000.0000000000 0.0000000000 1406.9999999981 1000.0000000000 267.0000000000
14:31:15.609 1000.0000000000 1000.0000000000 0.0000000000 1406.9999999981 1000.0000000000 267.0000000000
14:31:15.640 1000.0000000000 1000.0000000000 0.0000000000 1406.9999999981 1000.0000000000 267.0000000000
14:31:15.671 1000.0000000000 1000.0000000000 0.0000000000 1406.9999999981 1000.0000000000 267.0000000000
14:31:15.703 1000.0000000000 1000.0000000000 0.0000000000 1406.9999999981 1000.0000000000 267.0000000000
14:31:15.734 1000.0000000000 1000.0000000000 0.0000000000 1406.9999999981 1000.0000000000 267.0000000000
14:31:15.765 1000.0000000000 1000.0000000000 0.0000000000 1406.9999999981 1000.0000000000 267.0000000000
14:31:15.796 1000.0000000000 1000.0000000000 0.0000000000 1406.9999999981 1000.0000000000 267.0000000000
14:31:15.828 1000.0000000000 1000.0000000000 0.0000000000 1406.9999999981 1000.0000000000 267.0000000000
14:31:15.859 1000.0000000000 1000.0000000000 0.0000000000 1406.9999999981 1000.0000000000 267.0000000000
14:31:15.890 1000.0000000000 1000.0000000000 0.0000000000 1406.9999999981 1000.0000000000 267.0000000000
14:31:15.921 1000.0000000000 1000.0000000000 0.0000000000 1406.9999999981 1000.0000000000 267.0000000000
14:31:15.953 1000.0000000000 1000.0000000000 0.0000000000 1406.9999999981 1000.0000000000 267.0000000000
14:31:15.984 1000.0000000000 1000.0000000000 0.0000000000 1406.9999999981 1000.0000000000 267.0000000000
14:31:16.015 1000.0000000000 1000.0000000000 0.0000000000 1406.9999999981 1000.0000000000 267.0000000000
14:31:16.046 1000.0000000000 1000.0000000000 0.0000000000 1406.9999999981 1000.0000000000 267.0000000000
14:31:16.078 1000.0000000000 1000.0000000000 0.0000000000 1406.9999999981 1000.0000000000 267.0000000000
14:31:16.109 1000.0000000000 1000.0000000000 0.0000000000 1406.9999999981 1000.0000000000 267.0000000000
14:31:16.140 1000.0000000000 1000.0000000000 0.0000000000 1406.9999999981 1000.0000000000 267.0000000000
14:31:16.171 1000.0000000000 1000.0000000000 0.0000000000 1406.9999999981 1000.0000000000 267.0000000000
14:31:16.203 1000.0000000000 1000.0000000000 0.0000000000 1406.9999999981 1000.0000000000 267.0000000000
14:31:16.234 1000.0000000000 1000.0000000000 0.0000000000 1406.9999999981 1000.0000000000 267.0000000000
14:31:16.265 1000.0000000000 1000.0000000000 0.0000000000 1406.9999999981 1000.0000000000 267.0000000000
14:31:16.296 1000.0000000000 1000.0000000000 0.0000000000 1406.9999999981 1000.0000000000 267.0000000000
14:31:16.328 1000.0000000000 1000.0000000000 0.0000000000 1406.9999999981 1000.0000000000 267.0000000000
14:31:16.359 1000.0000000000 1000.0000000000 0.0000000000 1406.9999999981 1000.0000000000 267.0000000000
14:31:16.390 1000.0000000000 1000.0000000000 0.0000000000 1406.9999999981 1000.0000000000 267.0000000000
14:31:16.421 1000.0000000000 1000.0000000000 0.0000000000 1406.9999999981 1000.0000000000 267.0000000000
14:31:16.453 1000.0000000000 1000.0000000000 0.0000000000 1406.9999999981 1000.0000000000 267.0000000000
14:31:16.484 1000.0000000000 1000.0000000000 0.0000000000 1406.9999999981 1000.0000000000 267.0000000000
14:31:16.515 1000.0000000000 1000.0000000000 0.0000000000 1406.9999999981 1000.0000000000 267.0000000000
14:31:16.546 1000.0000000000 1000.0000000000 0.0000000000 1405.9999999981 1000.0000000000 266.0000000000
14:31:16.578 1000.0000000000 1000.0000000000 0.0000000000 1405.9999999981 1000.0000000000 266.0000000000
14:31:16.609 1000.0000000000 1000.0000000000 0.0000000000 1406.9999999981 1000.0000000000 267.0000000000
14:31:16.640 1000.0000000000 1000.0000000000 0.0000000000 1406.9999999981 1000.0000000000 267.0000000000
14:31:16.671 1000.0000000000 1000.0000000000 0.0000000000 1406.9999999981 1000.0000000000 267.0000000000
14:31:16.703 1000.0000000000 1000.0000000000 0.0000000000 1406.9999999981 1000.0000000000 267.0000000000
14:31:16.734 1000.0000000000 1000.0000000000 0.0000000000 1406.9999999981 1000.0000000000 267.0000000000
14:31:16.765 1000.0000000000 1000.0000000000 0.0000000000 1406.9999999981 1000.0000000000 267.0000000000
14:31:16.796 1000.0000000000 1000.0000000000 0.0000000000 1406.9999999981 1000.0000000000 267.0000000000
14:31:16.828 1000.0000000000 1000.0000000000 0.0000000000 1406.9999999981 1000.0000000000 267.0000000000
14:31:16.859 1000.0000000000 1000.0000000000 0.0000000000 1406.9999999981 1000.0000000000 267.0000000000
14:31:16.890 1000.0000000000 1000.0000000000 0.0000000000 1406.9999999981 1000.0000000000 267.0000000000
14:31:16.921 1000.0000000000 1000.0000000000 0.0000000000 1406.9999999981 1000.0000000000 267.0000000000
14:31:16.953 1000.0000000000 1000.0000000000 0.0000000000 1406.9999999981 1000.0000000000 267.0000000000
14:31:16.984 1000.0000000000 1000.0000000000 0.0000000000 1406.9999999981 1000.0000000000 267.0000000000
14:31:17.015 1000.0000000000 1000.0000000000 0.0000000000 1406.9999999981 1000.0000000000 267.0000000000
14:31:17.046 1000.0000000000 1000.0000000000 0.0000000000 1406.9999999981 1000.0000000000 267.0000000000
14:31:17.078 1000.0000000000 1000.0000000000 0.0000000000 1406.9999999981 1000.0000000000 267.0000000000
14:31:17.109 1000.0000000000 1000.0000000000 0.0000000000 1406.9999999981 1000.0000000000 267.0000000000
14:31:17.140 1000.0000000000 1000.0000000000 0.0000000000 1406.9999999981 1000.0000000000 267.0000000000
14:31:17.171 1000.0000000000 1000.0000000000 0.0000000000 1406.9999999981 1000.0000000000 267.0000000000
14:31:17.203 1000.0000000000 1000.0000000000 0.0000000000 1406.9999999981 1000.0000000000 267.0000000000
14:31:17.234 1000.0000000000 1000.0000000000 0.0000000000 1406.9999999981 1000.0000000000 267.0000000000
14:31:17.265 1000.0000000000 1000.0000000000 0.0000000000 1406.9999999981 1000.0000000000 267.0000000000
14:31:17.296 1000.0000000000 1000.0000000000 0.0000000000 1406.9999999981 1000.0000000000 267.0000000000
14:31:17.328 1000.0000000000 1000.0000000000 0.0000000000 1406.9999999981 1000.0000000000 267.0000000000
14:31:17.359 1000.0000000000 1000.0000000000 0.0000000000 1407.9999999981 1000.0000000000 268.0000000000
14:31:17.390 1000.0000000000 1000.0000000000 0.0000000000 1406.9999999981 1000.0000000000 267.0000000000
14:31:17.421 1000.0000000000 1000.0000000000 0.0000000000 1406.9999999981 1000.0000000000 267.0000000000
14:31:17.453 1000.0000000000 1000.0000000000 0.0000000000 1406.9999999981 1000.0000000000 267.0000000000
14:31:17.484 1000.0000000000 1000.0000000000 0.0000000000 1406.9999999981 1000.0000000000 267.0000000000
14:31:17.515 1000.0000000000 1000.0000000000 0.0000000000 1406.9999999981 1000.0000000000 267.0000000000
14:31:17.546 1000.0000000000 1000.0000000000 0.0000000000 1406.9999999981 1000.0000000000 267.0000000000
14:31:17.578 1000.0000000000 1000.0000000000 0.0000000000 1406.9999999981 1000.0000000000 267.0000000000
14:31:17.609 1000.0000000000 1000.0000000000 0.0000000000 1406.9999999981 1000.0000000000 267.0000000000
14:31:17.640 1000.0000000000 1000.0000000000 0.0000000000 1406.9999999981 1000.0000000000 267.0000000000
