Тестовая информация 0. Исходные сенсорные данные: Time, X_rob, Y_rob, Ang_rob, X_obj, Y_obj, Distance (мм, град)
14:33:18.109 1000.0000000000 1000.0000000000 0.0000000000 1449.9999999981 1000.0000000000 310.0000000000
14:33:18.140 1000.0000000000 1000.0000000000 0.0000000000 1449.9999999981 1000.0000000000 310.0000000000
14:33:18.171 1000.0000000000 1000.0000000000 0.0000000000 1449.9999999981 1000.0000000000 310.0000000000
14:33:18.203 1000.0000000000 1000.0000000000 0.0000000000 1449.9999999981 1000.0000000000 310.0000000000
14:33:18.234 1000.0000000000 1000.0000000000 0.0000000000 1448.9999999981 1000.0000000000 309.0000000000
14:33:18.265 1000.0000000000 1000.0000000000 0.0000000000 1448.9999999981 1000.0000000000 309.0000000000
14:33:18.296 1000.0000000000 1000.0000000000 0.0000000000 1448.9999999981 1000.0000000000 309.0000000000
14:33:18.328 1000.0000000000 1000.0000000000 0.0000000000 1448.9999999981 1000.0000000000 309.0000000000
14:33:18.359 1000.0000000000 1000.0000000000 0.0000000000 1448.9999999981 1000.0000000000 309.0000000000
14:33:18.390 1000.0000000000 1000.0000000000 0.0000000000 1451.9999999981 1000.0000000000 312.0000000000
14:33:18.421 1000.0000000000 1000.0000000000 0.0000000000 1448.9999999981 1000.0000000000 309.0000000000
14:33:18.453 1000.0000000000 1000.0000000000 0.0000000000 1448.9999999981 1000.0000000000 309.0000000000
14:33:18.484 1000.0000000000 1000.0000000000 0.0000000000 1449.9999999981 1000.0000000000 310.0000000000
14:33:18.515 1000.0000000000 1000.0000000000 0.0000000000 1448.9999999981 1000.0000000000 309.0000000000
14:33:18.546 1000.0000000000 1000.0000000000 0.0000000000 1448.9999999981 1000.0000000000 309.0000000000
14:33:18.578 1000.0000000000 1000.0000000000 0.0000000000 1448.9999999981 1000.0000000000 309.0000000000
14:33:18.609 1000.0000000000 1000.0000000000 0.0000000000 1449.9999999981 1000.0000000000 310.0000000000
14:33:18.640 1000.0000000000 1000.0000000000 0.0000000000 1449.9999999981 1000.0000000000 310.0000000000
14:33:18.671 1000.0000000000 1000.0000000000 0.0000000000 1449.9999999981 1000.0000000000 310.0000000000
14:33:18.703 1000.0000000000 1000.0000000000 0.0000000000 1450.9999999981 1000.0000000000 311.0000000000
14:33:18.734 1000.0000000000 1000.0000000000 0.0000000000 1448.9999999981 1000.0000000000 309.0000000000
14:33:18.765 1000.0000000000 1000.0000000000 0.0000000000 1450.9999999981 1000.0000000000 311.0000000000
14:33:18.796 1000.0000000000 1000.0000000000 0.0000000000 1449.9999999981 1000.0000000000 310.0000000000
14:33:18.828 1000.0000000000 1000.0000000000 0.0000000000 1449.9999999981 1000.0000000000 310.0000000000
14:33:18.859 1000.0000000000 1000.0000000000 0.0000000000 1449.9999999981 1000.0000000000 310.0000000000
14:33:18.890 1000.0000000000 1000.0000000000 0.0000000000 1450.9999999981 1000.0000000000 311.0000000000
14:33:18.921 1000.0000000000 1000.0000000000 0.0000000000 1449.9999999981 1000.0000000000 310.0000000000
14:33:18.953 1000.0000000000 1000.0000000000 0.0000000000 1450.9999999981 1000.0000000000 311.0000000000
14:33:18.984 1000.0000000000 1000.0000000000 0.0000000000 1449.9999999981 1000.0000000000 310.0000000000
14:33:19.015 1000.0000000000 1000.0000000000 0.0000000000 1449.9999999981 1000.0000000000 310.0000000000
14:33:19.046 1000.0000000000 1000.0000000000 0.0000000000 1449.9999999981 1000.0000000000 310.0000000000
14:33:19.078 1000.0000000000 1000.0000000000 0.0000000000 1450.9999999981 1000.0000000000 311.0000000000
14:33:19.109 1000.0000000000 1000.0000000000 0.0000000000 1449.9999999981 1000.0000000000 310.0000000000
14:33:19.140 1000.0000000000 1000.0000000000 0.0000000000 1450.9999999981 1000.0000000000 311.0000000000
14:33:19.171 1000.0000000000 1000.0000000000 0.0000000000 1449.9999999981 1000.0000000000 310.0000000000
14:33:19.203 1000.0000000000 1000.0000000000 0.0000000000 1449.9999999981 1000.0000000000 310.0000000000
14:33:19.234 1000.0000000000 1000.0000000000 0.0000000000 1449.9999999981 1000.0000000000 310.0000000000
14:33:19.265 1000.0000000000 1000.0000000000 0.0000000000 1450.9999999981 1000.0000000000 311.0000000000
14:33:19.296 1000.0000000000 1000.0000000000 0.0000000000 1449.9999999981 1000.0000000000 310.0000000000
14:33:19.328 1000.0000000000 1000.0000000000 0.0000000000 1450.9999999981 1000.0000000000 311.0000000000
14:33:19.359 1000.0000000000 1000.0000000000 0.0000000000 1449.9999999981 1000.0000000000 310.0000000000
14:33:19.390 1000.0000000000 1000.0000000000 0.0000000000 1449.9999999981 1000.0000000000 310.0000000000
14:33:19.421 1000.0000000000 1000.0000000000 0.0000000000 1449.9999999981 1000.0000000000 310.0000000000
14:33:19.453 1000.0000000000 1000.0000000000 0.0000000000 1450.9999999981 1000.0000000000 311.0000000000
14:33:19.484 1000.0000000000 1000.0000000000 0.0000000000 1448.9999999981 1000.0000000000 309.0000000000
14:33:19.515 1000.0000000000 1000.0000000000 0.0000000000 1448.9999999981 1000.0000000000 309.0000000000
14:33:19.546 1000.0000000000 1000.0000000000 0.0000000000 1449.9999999981 1000.0000000000 310.0000000000
14:33:19.578 1000.0000000000 1000.0000000000 0.0000000000 1449.9999999981 1000.0000000000 310.0000000000
14:33:19.609 1000.0000000000 1000.0000000000 0.0000000000 1449.9999999981 1000.0000000000 310.0000000000
14:33:19.640 1000.0000000000 1000.0000000000 0.0000000000 1448.9999999981 1000.0000000000 309.0000000000
14:33:19.671 1000.0000000000 1000.0000000000 0.0000000000 1448.9999999981 1000.0000000000 309.0000000000
14:33:19.703 1000.0000000000 1000.0000000000 0.0000000000 1449.9999999981 1000.0000000000 310.0000000000
14:33:19.734 1000.0000000000 1000.0000000000 0.0000000000 1450.9999999981 1000.0000000000 311.0000000000
14:33:19.765 1000.0000000000 1000.0000000000 0.0000000000 1450.9999999981 1000.0000000000 311.0000000000
14:33:19.796 1000.0000000000 1000.0000000000 0.0000000000 1450.9999999981 1000.0000000000 311.0000000000
14:33:19.828 1000.0000000000 1000.0000000000 0.0000000000 1449.9999999981 1000.0000000000 310.0000000000
14:33:19.859 1000.0000000000 1000.0000000000 0.0000000000 1449.9999999981 1000.0000000000 310.0000000000
14:33:19.890 1000.0000000000 1000.0000000000 0.0000000000 1450.9999999981 1000.0000000000 311.0000000000
14:33:19.921 1000.0000000000 1000.0000000000 0.0000000000 1451.9999999981 1000.0000000000 312.0000000000
14:33:19.953 1000.0000000000 1000.0000000000 0.0000000000 1449.9999999981 1000.0000000000 310.0000000000
14:33:19.984 1000.0000000000 1000.0000000000 0.0000000000 1451.9999999981 1000.0000000000 312.0000000000
14:33:20.015 1000.0000000000 1000.0000000000 0.0000000000 1450.9999999981 1000.0000000000 311.0000000000
14:33:20.046 1000.0000000000 1000.0000000000 0.0000000000 1450.9999999981 1000.0000000000 311.0000000000
14:33:20.078 1000.0000000000 1000.0000000000 0.0000000000 1450.9999999981 1000.0000000000 311.0000000000
14:33:20.109 1000.0000000000 1000.0000000000 0.0000000000 1450.9999999981 1000.0000000000 311.0000000000
14:33:20.140 1000.0000000000 1000.0000000000 0.0000000000 1447.9999999981 1000.0000000000 308.0000000000
14:33:20.171 1000.0000000000 1000.0000000000 0.0000000000 1450.9999999981 1000.0000000000 311.0000000000
14:33:20.203 1000.0000000000 1000.0000000000 0.0000000000 1449.9999999981 1000.0000000000 310.0000000000
14:33:20.234 1000.0000000000 1000.0000000000 0.0000000000 1449.9999999981 1000.0000000000 310.0000000000
14:33:20.265 1000.0000000000 1000.0000000000 0.0000000000 1449.9999999981 1000.0000000000 310.0000000000
14:33:20.296 1000.0000000000 1000.0000000000 0.0000000000 1449.9999999981 1000.0000000000 310.0000000000
14:33:20.328 1000.0000000000 1000.0000000000 0.0000000000 1449.9999999981 1000.0000000000 310.0000000000
14:33:20.359 1000.0000000000 1000.0000000000 0.0000000000 1449.9999999981 1000.0000000000 310.0000000000
14:33:20.390 1000.0000000000 1000.0000000000 0.0000000000 1449.9999999981 1000.0000000000 310.0000000000
14:33:20.421 1000.0000000000 1000.0000000000 0.0000000000 1449.9999999981 1000.0000000000 310.0000000000
14:33:20.453 1000.0000000000 1000.0000000000 0.0000000000 1449.9999999981 1000.0000000000 310.0000000000
14:33:20.484 1000.0000000000 1000.0000000000 0.0000000000 1449.9999999981 1000.0000000000 310.0000000000
14:33:20.515 1000.0000000000 1000.0000000000 0.0000000000 1449.9999999981 1000.0000000000 310.0000000000
14:33:20.546 1000.0000000000 1000.0000000000 0.0000000000 1449.9999999981 1000.0000000000 310.0000000000
14:33:20.578 1000.0000000000 1000.0000000000 0.0000000000 1449.9999999981 1000.0000000000 310.0000000000
14:33:20.609 1000.0000000000 1000.0000000000 0.0000000000 1449.9999999981 1000.0000000000 310.0000000000
14:33:20.640 1000.0000000000 1000.0000000000 0.0000000000 1450.9999999981 1000.0000000000 311.0000000000
14:33:20.671 1000.0000000000 1000.0000000000 0.0000000000 1451.9999999981 1000.0000000000 312.0000000000
14:33:20.703 1000.0000000000 1000.0000000000 0.0000000000 1450.9999999981 1000.0000000000 311.0000000000
14:33:20.734 1000.0000000000 1000.0000000000 0.0000000000 1450.9999999981 1000.0000000000 311.0000000000
14:33:20.765 1000.0000000000 1000.0000000000 0.0000000000 1451.9999999981 1000.0000000000 312.0000000000
14:33:20.796 1000.0000000000 1000.0000000000 0.0000000000 1450.9999999981 1000.0000000000 311.0000000000
14:33:20.828 1000.0000000000 1000.0000000000 0.0000000000 1450.9999999981 1000.0000000000 311.0000000000
14:33:20.859 1000.0000000000 1000.0000000000 0.0000000000 1450.9999999981 1000.0000000000 311.0000000000
14:33:20.890 1000.0000000000 1000.0000000000 0.0000000000 1448.9999999981 1000.0000000000 309.0000000000
14:33:20.921 1000.0000000000 1000.0000000000 0.0000000000 1448.9999999981 1000.0000000000 309.0000000000
14:33:20.953 1000.0000000000 1000.0000000000 0.0000000000 1449.9999999981 1000.0000000000 310.0000000000
14:33:20.984 1000.0000000000 1000.0000000000 0.0000000000 1449.9999999981 1000.0000000000 310.0000000000
14:33:21.015 1000.0000000000 1000.0000000000 0.0000000000 1450.9999999981 1000.0000000000 311.0000000000
14:33:21.046 1000.0000000000 1000.0000000000 0.0000000000 1449.9999999981 1000.0000000000 310.0000000000
14:33:21.078 1000.0000000000 1000.0000000000 0.0000000000 1449.9999999981 1000.0000000000 310.0000000000
14:33:21.109 1000.0000000000 1000.0000000000 0.0000000000 1449.9999999981 1000.0000000000 310.0000000000
14:33:21.140 1000.0000000000 1000.0000000000 0.0000000000 1450.9999999981 1000.0000000000 311.0000000000
14:33:21.171 1000.0000000000 1000.0000000000 0.0000000000 1449.9999999981 1000.0000000000 310.0000000000
14:33:21.203 1000.0000000000 1000.0000000000 0.0000000000 1450.9999999981 1000.0000000000 311.0000000000
14:33:21.234 1000.0000000000 1000.0000000000 0.0000000000 1449.9999999981 1000.0000000000 310.0000000000
14:33:21.265 1000.0000000000 1000.0000000000 0.0000000000 1449.9999999981 1000.0000000000 310.0000000000
14:33:21.296 1000.0000000000 1000.0000000000 0.0000000000 1450.9999999981 1000.0000000000 311.0000000000
14:33:21.328 1000.0000000000 1000.0000000000 0.0000000000 1450.9999999981 1000.0000000000 311.0000000000
14:33:21.359 1000.0000000000 1000.0000000000 0.0000000000 1449.9999999981 1000.0000000000 310.0000000000
14:33:21.390 1000.0000000000 1000.0000000000 0.0000000000 1450.9999999981 1000.0000000000 311.0000000000
14:33:21.421 1000.0000000000 1000.0000000000 0.0000000000 1450.9999999981 1000.0000000000 311.0000000000
14:33:21.453 1000.0000000000 1000.0000000000 0.0000000000 1450.9999999981 1000.0000000000 311.0000000000
14:33:21.484 1000.0000000000 1000.0000000000 0.0000000000 1450.9999999981 1000.0000000000 311.0000000000
14:33:21.515 1000.0000000000 1000.0000000000 0.0000000000 1450.9999999981 1000.0000000000 311.0000000000
14:33:21.546 1000.0000000000 1000.0000000000 0.0000000000 1447.9999999981 1000.0000000000 308.0000000000
14:33:21.578 1000.0000000000 1000.0000000000 0.0000000000 1450.9999999981 1000.0000000000 311.0000000000
14:33:21.609 1000.0000000000 1000.0000000000 0.0000000000 1450.9999999981 1000.0000000000 311.0000000000
14:33:21.640 1000.0000000000 1000.0000000000 0.0000000000 1450.9999999981 1000.0000000000 311.0000000000
14:33:21.671 1000.0000000000 1000.0000000000 0.0000000000 1450.9999999981 1000.0000000000 311.0000000000
14:33:21.703 1000.0000000000 1000.0000000000 0.0000000000 1451.9999999981 1000.0000000000 312.0000000000
14:33:21.734 1000.0000000000 1000.0000000000 0.0000000000 1450.9999999981 1000.0000000000 311.0000000000
14:33:21.765 1000.0000000000 1000.0000000000 0.0000000000 1451.9999999981 1000.0000000000 312.0000000000
14:33:21.796 1000.0000000000 1000.0000000000 0.0000000000 1450.9999999981 1000.0000000000 311.0000000000
14:33:21.828 1000.0000000000 1000.0000000000 0.0000000000 1449.9999999981 1000.0000000000 310.0000000000
14:33:21.859 1000.0000000000 1000.0000000000 0.0000000000 1449.9999999981 1000.0000000000 310.0000000000
14:33:21.890 1000.0000000000 1000.0000000000 0.0000000000 1449.9999999981 1000.0000000000 310.0000000000
14:33:21.921 1000.0000000000 1000.0000000000 0.0000000000 1448.9999999981 1000.0000000000 309.0000000000
14:33:21.953 1000.0000000000 1000.0000000000 0.0000000000 1449.9999999981 1000.0000000000 310.0000000000
14:33:21.984 1000.0000000000 1000.0000000000 0.0000000000 1450.9999999981 1000.0000000000 311.0000000000
14:33:22.015 1000.0000000000 1000.0000000000 0.0000000000 1449.9999999981 1000.0000000000 310.0000000000
14:33:22.046 1000.0000000000 1000.0000000000 0.0000000000 1450.9999999981 1000.0000000000 311.0000000000
14:33:22.078 1000.0000000000 1000.0000000000 0.0000000000 1450.9999999981 1000.0000000000 311.0000000000
14:33:22.109 1000.0000000000 1000.0000000000 0.0000000000 1450.9999999981 1000.0000000000 311.0000000000
14:33:22.140 1000.0000000000 1000.0000000000 0.0000000000 1450.9999999981 1000.0000000000 311.0000000000
14:33:22.171 1000.0000000000 1000.0000000000 0.0000000000 1449.9999999981 1000.0000000000 310.0000000000
14:33:22.203 1000.0000000000 1000.0000000000 0.0000000000 1449.9999999981 1000.0000000000 310.0000000000
14:33:22.234 1000.0000000000 1000.0000000000 0.0000000000 1449.9999999981 1000.0000000000 310.0000000000
14:33:22.265 1000.0000000000 1000.0000000000 0.0000000000 1451.9999999981 1000.0000000000 312.0000000000
14:33:22.296 1000.0000000000 1000.0000000000 0.0000000000 1450.9999999981 1000.0000000000 311.0000000000
14:33:22.328 1000.0000000000 1000.0000000000 0.0000000000 1450.9999999981 1000.0000000000 311.0000000000
14:33:22.359 1000.0000000000 1000.0000000000 0.0000000000 1451.9999999981 1000.0000000000 312.0000000000
14:33:22.390 1000.0000000000 1000.0000000000 0.0000000000 1451.9999999981 1000.0000000000 312.0000000000
14:33:22.421 1000.0000000000 1000.0000000000 0.0000000000 1451.9999999981 1000.0000000000 312.0000000000
14:33:22.453 1000.0000000000 1000.0000000000 0.0000000000 1451.9999999981 1000.0000000000 312.0000000000
14:33:22.484 1000.0000000000 1000.0000000000 0.0000000000 1451.9999999981 1000.0000000000 312.0000000000
14:33:22.515 1000.0000000000 1000.0000000000 0.0000000000 1451.9999999981 1000.0000000000 312.0000000000
14:33:22.546 1000.0000000000 1000.0000000000 0.0000000000 1450.9999999981 1000.0000000000 311.0000000000
14:33:22.578 1000.0000000000 1000.0000000000 0.0000000000 1449.9999999981 1000.0000000000 310.0000000000
14:33:22.609 1000.0000000000 1000.0000000000 0.0000000000 1450.9999999981 1000.0000000000 311.0000000000
14:33:22.640 1000.0000000000 1000.0000000000 0.0000000000 1449.9999999981 1000.0000000000 310.0000000000
14:33:22.671 1000.0000000000 1000.0000000000 0.0000000000 1449.9999999981 1000.0000000000 310.0000000000
14:33:22.703 1000.0000000000 1000.0000000000 0.0000000000 1449.9999999981 1000.0000000000 310.0000000000
14:33:22.734 1000.0000000000 1000.0000000000 0.0000000000 1450.9999999981 1000.0000000000 311.0000000000
14:33:22.765 1000.0000000000 1000.0000000000 0.0000000000 1449.9999999981 1000.0000000000 310.0000000000
14:33:22.796 1000.0000000000 1000.0000000000 0.0000000000 1449.9999999981 1000.0000000000 310.0000000000
14:33:22.828 1000.0000000000 1000.0000000000 0.0000000000 1449.9999999981 1000.0000000000 310.0000000000
14:33:22.859 1000.0000000000 1000.0000000000 0.0000000000 1449.9999999981 1000.0000000000 310.0000000000
14:33:22.890 1000.0000000000 1000.0000000000 0.0000000000 1449.9999999981 1000.0000000000 310.0000000000
14:33:22.921 1000.0000000000 1000.0000000000 0.0000000000 1449.9999999981 1000.0000000000 310.0000000000
14:33:22.953 1000.0000000000 1000.0000000000 0.0000000000 1446.9999999981 1000.0000000000 307.0000000000
14:33:22.984 1000.0000000000 1000.0000000000 0.0000000000 1448.9999999981 1000.0000000000 309.0000000000
14:33:23.015 1000.0000000000 1000.0000000000 0.0000000000 1449.9999999981 1000.0000000000 310.0000000000
14:33:23.046 1000.0000000000 1000.0000000000 0.0000000000 1449.9999999981 1000.0000000000 310.0000000000
14:33:23.078 1000.0000000000 1000.0000000000 0.0000000000 1449.9999999981 1000.0000000000 310.0000000000
14:33:23.109 1000.0000000000 1000.0000000000 0.0000000000 1448.9999999981 1000.0000000000 309.0000000000
14:33:23.140 1000.0000000000 1000.0000000000 0.0000000000 1448.9999999981 1000.0000000000 309.0000000000
14:33:23.171 1000.0000000000 1000.0000000000 0.0000000000 1449.9999999981 1000.0000000000 310.0000000000
14:33:23.203 1000.0000000000 1000.0000000000 0.0000000000 1449.9999999981 1000.0000000000 310.0000000000
14:33:23.234 1000.0000000000 1000.0000000000 0.0000000000 1449.9999999981 1000.0000000000 310.0000000000
14:33:23.265 1000.0000000000 1000.0000000000 0.0000000000 1449.9999999981 1000.0000000000 310.0000000000
14:33:23.296 1000.0000000000 1000.0000000000 0.0000000000 1449.9999999981 1000.0000000000 310.0000000000
14:33:23.328 1000.0000000000 1000.0000000000 0.0000000000 1449.9999999981 1000.0000000000 310.0000000000
14:33:23.359 1000.0000000000 1000.0000000000 0.0000000000 1449.9999999981 1000.0000000000 310.0000000000
14:33:23.390 1000.0000000000 1000.0000000000 0.0000000000 1450.9999999981 1000.0000000000 311.0000000000
14:33:23.421 1000.0000000000 1000.0000000000 0.0000000000 1449.9999999981 1000.0000000000 310.0000000000
14:33:23.453 1000.0000000000 1000.0000000000 0.0000000000 1450.9999999981 1000.0000000000 311.0000000000
14:33:23.484 1000.0000000000 1000.0000000000 0.0000000000 1450.9999999981 1000.0000000000 311.0000000000
14:33:23.515 1000.0000000000 1000.0000000000 0.0000000000 1450.9999999981 1000.0000000000 311.0000000000
14:33:23.546 1000.0000000000 1000.0000000000 0.0000000000 1450.9999999981 1000.0000000000 311.0000000000
14:33:23.578 1000.0000000000 1000.0000000000 0.0000000000 1449.9999999981 1000.0000000000 310.0000000000
14:33:23.609 1000.0000000000 1000.0000000000 0.0000000000 1449.9999999981 1000.0000000000 310.0000000000
14:33:23.640 1000.0000000000 1000.0000000000 0.0000000000 1449.9999999981 1000.0000000000 310.0000000000
14:33:23.671 1000.0000000000 1000.0000000000 0.0000000000 1449.9999999981 1000.0000000000 310.0000000000
14:33:23.703 1000.0000000000 1000.0000000000 0.0000000000 1449.9999999981 1000.0000000000 310.0000000000
14:33:23.734 1000.0000000000 1000.0000000000 0.0000000000 1449.9999999981 1000.0000000000 310.0000000000
14:33:23.765 1000.0000000000 1000.0000000000 0.0000000000 1450.9999999981 1000.0000000000 311.0000000000
14:33:23.796 1000.0000000000 1000.0000000000 0.0000000000 1450.9999999981 1000.0000000000 311.0000000000
14:33:23.828 1000.0000000000 1000.0000000000 0.0000000000 1451.9999999981 1000.0000000000 312.0000000000
14:33:23.859 1000.0000000000 1000.0000000000 0.0000000000 1450.9999999981 1000.0000000000 311.0000000000
14:33:23.890 1000.0000000000 1000.0000000000 0.0000000000 1450.9999999981 1000.0000000000 311.0000000000
14:33:23.921 1000.0000000000 1000.0000000000 0.0000000000 1450.9999999981 1000.0000000000 311.0000000000
14:33:23.953 1000.0000000000 1000.0000000000 0.0000000000 1449.9999999981 1000.0000000000 310.0000000000
14:33:23.984 1000.0000000000 1000.0000000000 0.0000000000 1448.9999999981 1000.0000000000 309.0000000000
14:33:24.015 1000.0000000000 1000.0000000000 0.0000000000 1449.9999999981 1000.0000000000 310.0000000000
14:33:24.046 1000.0000000000 1000.0000000000 0.0000000000 1448.9999999981 1000.0000000000 309.0000000000
14:33:24.078 1000.0000000000 1000.0000000000 0.0000000000 1448.9999999981 1000.0000000000 309.0000000000
14:33:24.109 1000.0000000000 1000.0000000000 0.0000000000 1450.9999999981 1000.0000000000 311.0000000000
14:33:24.140 1000.0000000000 1000.0000000000 0.0000000000 1451.9999999981 1000.0000000000 312.0000000000
14:33:24.171 1000.0000000000 1000.0000000000 0.0000000000 1450.9999999981 1000.0000000000 311.0000000000
14:33:24.203 1000.0000000000 1000.0000000000 0.0000000000 1451.9999999981 1000.0000000000 312.0000000000
14:33:24.234 1000.0000000000 1000.0000000000 0.0000000000 1450.9999999981 1000.0000000000 311.0000000000
14:33:24.265 1000.0000000000 1000.0000000000 0.0000000000 1450.9999999981 1000.0000000000 311.0000000000
14:33:24.296 1000.0000000000 1000.0000000000 0.0000000000 1450.9999999981 1000.0000000000 311.0000000000
14:33:24.328 1000.0000000000 1000.0000000000 0.0000000000 1450.9999999981 1000.0000000000 311.0000000000
14:33:24.359 1000.0000000000 1000.0000000000 0.0000000000 1448.9999999981 1000.0000000000 309.0000000000
14:33:24.390 1000.0000000000 1000.0000000000 0.0000000000 1450.9999999981 1000.0000000000 311.0000000000
14:33:24.421 1000.0000000000 1000.0000000000 0.0000000000 1449.9999999981 1000.0000000000 310.0000000000
14:33:24.453 1000.0000000000 1000.0000000000 0.0000000000 1448.9999999981 1000.0000000000 309.0000000000
14:33:24.484 1000.0000000000 1000.0000000000 0.0000000000 1448.9999999981 1000.0000000000 309.0000000000
14:33:24.515 1000.0000000000 1000.0000000000 0.0000000000 1447.9999999981 1000.0000000000 308.0000000000
14:33:24.546 1000.0000000000 1000.0000000000 0.0000000000 1447.9999999981 1000.0000000000 308.0000000000
14:33:24.578 1000.0000000000 1000.0000000000 0.0000000000 1449.9999999981 1000.0000000000 310.0000000000
14:33:24.609 1000.0000000000 1000.0000000000 0.0000000000 1450.9999999981 1000.0000000000 311.0000000000
14:33:24.640 1000.0000000000 1000.0000000000 0.0000000000 1449.9999999981 1000.0000000000 310.0000000000
14:33:24.671 1000.0000000000 1000.0000000000 0.0000000000 1449.9999999981 1000.0000000000 310.0000000000
14:33:24.703 1000.0000000000 1000.0000000000 0.0000000000 1448.9999999981 1000.0000000000 309.0000000000
14:33:24.734 1000.0000000000 1000.0000000000 0.0000000000 1448.9999999981 1000.0000000000 309.0000000000
14:33:24.765 1000.0000000000 1000.0000000000 0.0000000000 1450.9999999981 1000.0000000000 311.0000000000
14:33:24.796 1000.0000000000 1000.0000000000 0.0000000000 1450.9999999981 1000.0000000000 311.0000000000
14:33:24.828 1000.0000000000 1000.0000000000 0.0000000000 1448.9999999981 1000.0000000000 309.0000000000
14:33:24.859 1000.0000000000 1000.0000000000 0.0000000000 1450.9999999981 1000.0000000000 311.0000000000
14:33:24.890 1000.0000000000 1000.0000000000 0.0000000000 1450.9999999981 1000.0000000000 311.0000000000
14:33:24.921 1000.0000000000 1000.0000000000 0.0000000000 1450.9999999981 1000.0000000000 311.0000000000
14:33:24.953 1000.0000000000 1000.0000000000 0.0000000000 1450.9999999981 1000.0000000000 311.0000000000
14:33:24.984 1000.0000000000 1000.0000000000 0.0000000000 1451.9999999981 1000.0000000000 312.0000000000
14:33:25.015 1000.0000000000 1000.0000000000 0.0000000000 1449.9999999981 1000.0000000000 310.0000000000
14:33:25.046 1000.0000000000 1000.0000000000 0.0000000000 1450.9999999981 1000.0000000000 311.0000000000
14:33:25.078 1000.0000000000 1000.0000000000 0.0000000000 1450.9999999981 1000.0000000000 311.0000000000
14:33:25.109 1000.0000000000 1000.0000000000 0.0000000000 1450.9999999981 1000.0000000000 311.0000000000
14:33:25.140 1000.0000000000 1000.0000000000 0.0000000000 1450.9999999981 1000.0000000000 311.0000000000
14:33:25.171 1000.0000000000 1000.0000000000 0.0000000000 1449.9999999981 1000.0000000000 310.0000000000
14:33:25.203 1000.0000000000 1000.0000000000 0.0000000000 1448.9999999981 1000.0000000000 309.0000000000
14:33:25.234 1000.0000000000 1000.0000000000 0.0000000000 1449.9999999981 1000.0000000000 310.0000000000
14:33:25.265 1000.0000000000 1000.0000000000 0.0000000000 1448.9999999981 1000.0000000000 309.0000000000
14:33:25.296 1000.0000000000 1000.0000000000 0.0000000000 1448.9999999981 1000.0000000000 309.0000000000
14:33:25.328 1000.0000000000 1000.0000000000 0.0000000000 1448.9999999981 1000.0000000000 309.0000000000
14:33:25.359 1000.0000000000 1000.0000000000 0.0000000000 1449.9999999981 1000.0000000000 310.0000000000
14:33:25.390 1000.0000000000 1000.0000000000 0.0000000000 1448.9999999981 1000.0000000000 309.0000000000
14:33:25.421 1000.0000000000 1000.0000000000 0.0000000000 1449.9999999981 1000.0000000000 310.0000000000
14:33:25.453 1000.0000000000 1000.0000000000 0.0000000000 1448.9999999981 1000.0000000000 309.0000000000
14:33:25.484 1000.0000000000 1000.0000000000 0.0000000000 1448.9999999981 1000.0000000000 309.0000000000
14:33:25.515 1000.0000000000 1000.0000000000 0.0000000000 1448.9999999981 1000.0000000000 309.0000000000
14:33:25.546 1000.0000000000 1000.0000000000 0.0000000000 1449.9999999981 1000.0000000000 310.0000000000
14:33:25.578 1000.0000000000 1000.0000000000 0.0000000000 1448.9999999981 1000.0000000000 309.0000000000
14:33:25.609 1000.0000000000 1000.0000000000 0.0000000000 1449.9999999981 1000.0000000000 310.0000000000
14:33:25.640 1000.0000000000 1000.0000000000 0.0000000000 1449.9999999981 1000.0000000000 310.0000000000
14:33:25.671 1000.0000000000 1000.0000000000 0.0000000000 1449.9999999981 1000.0000000000 310.0000000000
14:33:25.703 1000.0000000000 1000.0000000000 0.0000000000 1450.9999999981 1000.0000000000 311.0000000000
14:33:25.734 1000.0000000000 1000.0000000000 0.0000000000 1449.9999999981 1000.0000000000 310.0000000000
14:33:25.765 1000.0000000000 1000.0000000000 0.0000000000 1449.9999999981 1000.0000000000 310.0000000000
14:33:25.796 1000.0000000000 1000.0000000000 0.0000000000 1449.9999999981 1000.0000000000 310.0000000000
14:33:25.828 1000.0000000000 1000.0000000000 0.0000000000 1449.9999999981 1000.0000000000 310.0000000000
14:33:25.859 1000.0000000000 1000.0000000000 0.0000000000 1449.9999999981 1000.0000000000 310.0000000000
14:33:25.890 1000.0000000000 1000.0000000000 0.0000000000 1450.9999999981 1000.0000000000 311.0000000000
14:33:25.921 1000.0000000000 1000.0000000000 0.0000000000 1449.9999999981 1000.0000000000 310.0000000000
14:33:25.953 1000.0000000000 1000.0000000000 0.0000000000 1449.9999999981 1000.0000000000 310.0000000000
14:33:25.984 1000.0000000000 1000.0000000000 0.0000000000 1449.9999999981 1000.0000000000 310.0000000000
14:33:26.015 1000.0000000000 1000.0000000000 0.0000000000 1451.9999999981 1000.0000000000 312.0000000000
14:33:26.046 1000.0000000000 1000.0000000000 0.0000000000 1449.9999999981 1000.0000000000 310.0000000000
14:33:26.078 1000.0000000000 1000.0000000000 0.0000000000 1450.9999999981 1000.0000000000 311.0000000000
14:33:26.109 1000.0000000000 1000.0000000000 0.0000000000 1449.9999999981 1000.0000000000 310.0000000000
14:33:26.140 1000.0000000000 1000.0000000000 0.0000000000 1449.9999999981 1000.0000000000 310.0000000000
14:33:26.171 1000.0000000000 1000.0000000000 0.0000000000 1449.9999999981 1000.0000000000 310.0000000000
14:33:26.203 1000.0000000000 1000.0000000000 0.0000000000 1450.9999999981 1000.0000000000 311.0000000000
14:33:26.234 1000.0000000000 1000.0000000000 0.0000000000 1449.9999999981 1000.0000000000 310.0000000000
14:33:26.265 1000.0000000000 1000.0000000000 0.0000000000 1450.9999999981 1000.0000000000 311.0000000000
14:33:26.296 1000.0000000000 1000.0000000000 0.0000000000 1449.9999999981 1000.0000000000 310.0000000000
14:33:26.328 1000.0000000000 1000.0000000000 0.0000000000 1449.9999999981 1000.0000000000 310.0000000000
14:33:26.359 1000.0000000000 1000.0000000000 0.0000000000 1449.9999999981 1000.0000000000 310.0000000000
14:33:26.390 1000.0000000000 1000.0000000000 0.0000000000 1450.9999999981 1000.0000000000 311.0000000000
14:33:26.421 1000.0000000000 1000.0000000000 0.0000000000 1450.9999999981 1000.0000000000 311.0000000000
14:33:26.453 1000.0000000000 1000.0000000000 0.0000000000 1450.9999999981 1000.0000000000 311.0000000000
14:33:26.484 1000.0000000000 1000.0000000000 0.0000000000 1450.9999999981 1000.0000000000 311.0000000000
14:33:26.515 1000.0000000000 1000.0000000000 0.0000000000 1450.9999999981 1000.0000000000 311.0000000000
14:33:26.546 1000.0000000000 1000.0000000000 0.0000000000 1450.9999999981 1000.0000000000 311.0000000000
14:33:26.578 1000.0000000000 1000.0000000000 0.0000000000 1449.9999999981 1000.0000000000 310.0000000000
14:33:26.609 1000.0000000000 1000.0000000000 0.0000000000 1449.9999999981 1000.0000000000 310.0000000000
14:33:26.640 1000.0000000000 1000.0000000000 0.0000000000 1449.9999999981 1000.0000000000 310.0000000000
14:33:26.671 1000.0000000000 1000.0000000000 0.0000000000 1449.9999999981 1000.0000000000 310.0000000000
14:33:26.703 1000.0000000000 1000.0000000000 0.0000000000 1449.9999999981 1000.0000000000 310.0000000000
14:33:26.734 1000.0000000000 1000.0000000000 0.0000000000 1449.9999999981 1000.0000000000 310.0000000000
14:33:26.765 1000.0000000000 1000.0000000000 0.0000000000 1450.9999999981 1000.0000000000 311.0000000000
14:33:26.796 1000.0000000000 1000.0000000000 0.0000000000 1449.9999999981 1000.0000000000 310.0000000000
14:33:26.828 1000.0000000000 1000.0000000000 0.0000000000 1450.9999999981 1000.0000000000 311.0000000000
14:33:26.859 1000.0000000000 1000.0000000000 0.0000000000 1449.9999999981 1000.0000000000 310.0000000000
14:33:26.890 1000.0000000000 1000.0000000000 0.0000000000 1449.9999999981 1000.0000000000 310.0000000000
14:33:26.921 1000.0000000000 1000.0000000000 0.0000000000 1449.9999999981 1000.0000000000 310.0000000000
14:33:26.953 1000.0000000000 1000.0000000000 0.0000000000 1449.9999999981 1000.0000000000 310.0000000000
14:33:26.984 1000.0000000000 1000.0000000000 0.0000000000 1449.9999999981 1000.0000000000 310.0000000000
14:33:27.015 1000.0000000000 1000.0000000000 0.0000000000 1449.9999999981 1000.0000000000 310.0000000000
14:33:27.046 1000.0000000000 1000.0000000000 0.0000000000 1449.9999999981 1000.0000000000 310.0000000000
14:33:27.078 1000.0000000000 1000.0000000000 0.0000000000 1449.9999999981 1000.0000000000 310.0000000000
14:33:27.109 1000.0000000000 1000.0000000000 0.0000000000 1449.9999999981 1000.0000000000 310.0000000000
14:33:27.140 1000.0000000000 1000.0000000000 0.0000000000 1449.9999999981 1000.0000000000 310.0000000000
14:33:27.171 1000.0000000000 1000.0000000000 0.0000000000 1449.9999999981 1000.0000000000 310.0000000000
14:33:27.203 1000.0000000000 1000.0000000000 0.0000000000 1449.9999999981 1000.0000000000 310.0000000000
14:33:27.234 1000.0000000000 1000.0000000000 0.0000000000 1449.9999999981 1000.0000000000 310.0000000000
14:33:27.265 1000.0000000000 1000.0000000000 0.0000000000 1449.9999999981 1000.0000000000 310.0000000000
14:33:27.296 1000.0000000000 1000.0000000000 0.0000000000 1449.9999999981 1000.0000000000 310.0000000000
14:33:27.328 1000.0000000000 1000.0000000000 0.0000000000 1449.9999999981 1000.0000000000 310.0000000000
14:33:27.359 1000.0000000000 1000.0000000000 0.0000000000 1448.9999999981 1000.0000000000 309.0000000000
14:33:27.390 1000.0000000000 1000.0000000000 0.0000000000 1448.9999999981 1000.0000000000 309.0000000000
14:33:27.421 1000.0000000000 1000.0000000000 0.0000000000 1449.9999999981 1000.0000000000 310.0000000000
14:33:27.453 1000.0000000000 1000.0000000000 0.0000000000 1448.9999999981 1000.0000000000 309.0000000000
14:33:27.484 1000.0000000000 1000.0000000000 0.0000000000 1449.9999999981 1000.0000000000 310.0000000000
14:33:27.515 1000.0000000000 1000.0000000000 0.0000000000 1448.9999999981 1000.0000000000 309.0000000000
14:33:27.546 1000.0000000000 1000.0000000000 0.0000000000 1448.9999999981 1000.0000000000 309.0000000000
14:33:27.578 1000.0000000000 1000.0000000000 0.0000000000 1450.9999999981 1000.0000000000 311.0000000000
14:33:27.609 1000.0000000000 1000.0000000000 0.0000000000 1450.9999999981 1000.0000000000 311.0000000000
14:33:27.640 1000.0000000000 1000.0000000000 0.0000000000 1448.9999999981 1000.0000000000 309.0000000000
14:33:27.671 1000.0000000000 1000.0000000000 0.0000000000 1449.9999999981 1000.0000000000 310.0000000000
14:33:27.703 1000.0000000000 1000.0000000000 0.0000000000 1449.9999999981 1000.0000000000 310.0000000000
14:33:27.734 1000.0000000000 1000.0000000000 0.0000000000 1449.9999999981 1000.0000000000 310.0000000000
14:33:27.765 1000.0000000000 1000.0000000000 0.0000000000 1449.9999999981 1000.0000000000 310.0000000000
14:33:27.796 1000.0000000000 1000.0000000000 0.0000000000 1450.9999999981 1000.0000000000 311.0000000000
14:33:27.828 1000.0000000000 1000.0000000000 0.0000000000 1447.9999999981 1000.0000000000 308.0000000000
14:33:27.859 1000.0000000000 1000.0000000000 0.0000000000 1449.9999999981 1000.0000000000 310.0000000000
14:33:27.890 1000.0000000000 1000.0000000000 0.0000000000 1448.9999999981 1000.0000000000 309.0000000000
14:33:27.921 1000.0000000000 1000.0000000000 0.0000000000 1448.9999999981 1000.0000000000 309.0000000000
14:33:27.953 1000.0000000000 1000.0000000000 0.0000000000 1448.9999999981 1000.0000000000 309.0000000000
14:33:27.984 1000.0000000000 1000.0000000000 0.0000000000 1449.9999999981 1000.0000000000 310.0000000000
14:33:28.015 1000.0000000000 1000.0000000000 0.0000000000 1449.9999999981 1000.0000000000 310.0000000000
14:33:28.046 1000.0000000000 1000.0000000000 0.0000000000 1450.9999999981 1000.0000000000 311.0000000000
14:33:28.078 1000.0000000000 1000.0000000000 0.0000000000 1449.9999999981 1000.0000000000 310.0000000000
14:33:28.109 1000.0000000000 1000.0000000000 0.0000000000 1448.9999999981 1000.0000000000 309.0000000000
14:33:28.140 1000.0000000000 1000.0000000000 0.0000000000 1449.9999999981 1000.0000000000 310.0000000000
14:33:28.171 1000.0000000000 1000.0000000000 0.0000000000 1449.9999999981 1000.0000000000 310.0000000000
14:33:28.203 1000.0000000000 1000.0000000000 0.0000000000 1449.9999999981 1000.0000000000 310.0000000000
14:33:28.234 1000.0000000000 1000.0000000000 0.0000000000 1449.9999999981 1000.0000000000 310.0000000000
14:33:28.265 1000.0000000000 1000.0000000000 0.0000000000 1449.9999999981 1000.0000000000 310.0000000000
14:33:28.296 1000.0000000000 1000.0000000000 0.0000000000 1449.9999999981 1000.0000000000 310.0000000000
14:33:28.328 1000.0000000000 1000.0000000000 0.0000000000 1449.9999999981 1000.0000000000 310.0000000000
14:33:28.359 1000.0000000000 1000.0000000000 0.0000000000 1451.9999999981 1000.0000000000 312.0000000000
14:33:28.390 1000.0000000000 1000.0000000000 0.0000000000 1451.9999999981 1000.0000000000 312.0000000000
14:33:28.421 1000.0000000000 1000.0000000000 0.0000000000 1451.9999999981 1000.0000000000 312.0000000000
14:33:28.453 1000.0000000000 1000.0000000000 0.0000000000 1451.9999999981 1000.0000000000 312.0000000000
14:33:28.484 1000.0000000000 1000.0000000000 0.0000000000 1448.9999999981 1000.0000000000 309.0000000000
14:33:28.515 1000.0000000000 1000.0000000000 0.0000000000 1450.9999999981 1000.0000000000 311.0000000000
14:33:28.546 1000.0000000000 1000.0000000000 0.0000000000 1450.9999999981 1000.0000000000 311.0000000000
14:33:28.578 1000.0000000000 1000.0000000000 0.0000000000 1450.9999999981 1000.0000000000 311.0000000000
14:33:28.609 1000.0000000000 1000.0000000000 0.0000000000 1450.9999999981 1000.0000000000 311.0000000000
14:33:28.640 1000.0000000000 1000.0000000000 0.0000000000 1450.9999999981 1000.0000000000 311.0000000000
14:33:28.671 1000.0000000000 1000.0000000000 0.0000000000 1450.9999999981 1000.0000000000 311.0000000000
14:33:28.703 1000.0000000000 1000.0000000000 0.0000000000 1450.9999999981 1000.0000000000 311.0000000000
14:33:28.734 1000.0000000000 1000.0000000000 0.0000000000 1450.9999999981 1000.0000000000 311.0000000000
14:33:28.765 1000.0000000000 1000.0000000000 0.0000000000 1449.9999999981 1000.0000000000 310.0000000000
14:33:28.796 1000.0000000000 1000.0000000000 0.0000000000 1449.9999999981 1000.0000000000 310.0000000000
14:33:28.828 1000.0000000000 1000.0000000000 0.0000000000 1450.9999999981 1000.0000000000 311.0000000000
14:33:28.859 1000.0000000000 1000.0000000000 0.0000000000 1448.9999999981 1000.0000000000 309.0000000000
14:33:28.890 1000.0000000000 1000.0000000000 0.0000000000 1450.9999999981 1000.0000000000 311.0000000000
14:33:28.921 1000.0000000000 1000.0000000000 0.0000000000 1448.9999999981 1000.0000000000 309.0000000000
14:33:28.953 1000.0000000000 1000.0000000000 0.0000000000 1448.9999999981 1000.0000000000 309.0000000000
14:33:28.984 1000.0000000000 1000.0000000000 0.0000000000 1449.9999999981 1000.0000000000 310.0000000000
14:33:29.015 1000.0000000000 1000.0000000000 0.0000000000 1449.9999999981 1000.0000000000 310.0000000000
14:33:29.046 1000.0000000000 1000.0000000000 0.0000000000 1448.9999999981 1000.0000000000 309.0000000000
14:33:29.078 1000.0000000000 1000.0000000000 0.0000000000 1449.9999999981 1000.0000000000 310.0000000000
14:33:29.109 1000.0000000000 1000.0000000000 0.0000000000 1450.9999999981 1000.0000000000 311.0000000000
14:33:29.140 1000.0000000000 1000.0000000000 0.0000000000 1450.9999999981 1000.0000000000 311.0000000000
14:33:29.171 1000.0000000000 1000.0000000000 0.0000000000 1450.9999999981 1000.0000000000 311.0000000000
14:33:29.203 1000.0000000000 1000.0000000000 0.0000000000 1449.9999999981 1000.0000000000 310.0000000000
14:33:29.234 1000.0000000000 1000.0000000000 0.0000000000 1449.9999999981 1000.0000000000 310.0000000000
