Тестовая информация 0. Исходные сенсорные данные: Time, X_rob, Y_rob, Ang_rob, X_obj, Y_obj, Distance (мм, град)
14:34:08.953 1000.0000000000 1000.0000000000 0.0000000000 1509.9999999981 1000.0000000000 370.0000000000
14:34:08.984 1000.0000000000 1000.0000000000 0.0000000000 1509.9999999981 1000.0000000000 370.0000000000
14:34:09.015 1000.0000000000 1000.0000000000 0.0000000000 1509.9999999981 1000.0000000000 370.0000000000
14:34:09.046 1000.0000000000 1000.0000000000 0.0000000000 1509.9999999981 1000.0000000000 370.0000000000
14:34:09.078 1000.0000000000 1000.0000000000 0.0000000000 1509.9999999981 1000.0000000000 370.0000000000
14:34:09.109 1000.0000000000 1000.0000000000 0.0000000000 1509.9999999981 1000.0000000000 370.0000000000
14:34:09.140 1000.0000000000 1000.0000000000 0.0000000000 1509.9999999981 1000.0000000000 370.0000000000
14:34:09.171 1000.0000000000 1000.0000000000 0.0000000000 1509.9999999981 1000.0000000000 370.0000000000
14:34:09.203 1000.0000000000 1000.0000000000 0.0000000000 1509.9999999981 1000.0000000000 370.0000000000
14:34:09.234 1000.0000000000 1000.0000000000 0.0000000000 1511.9999999981 1000.0000000000 372.0000000000
14:34:09.265 1000.0000000000 1000.0000000000 0.0000000000 1511.9999999981 1000.0000000000 372.0000000000
14:34:09.296 1000.0000000000 1000.0000000000 0.0000000000 1511.9999999981 1000.0000000000 372.0000000000
14:34:09.328 1000.0000000000 1000.0000000000 0.0000000000 1511.9999999981 1000.0000000000 372.0000000000
14:34:09.359 1000.0000000000 1000.0000000000 0.0000000000 1510.9999999981 1000.0000000000 371.0000000000
14:34:09.390 1000.0000000000 1000.0000000000 0.0000000000 1510.9999999981 1000.0000000000 371.0000000000
14:34:09.421 1000.0000000000 1000.0000000000 0.0000000000 1511.9999999981 1000.0000000000 372.0000000000
14:34:09.453 1000.0000000000 1000.0000000000 0.0000000000 1510.9999999981 1000.0000000000 371.0000000000
14:34:09.484 1000.0000000000 1000.0000000000 0.0000000000 1510.9999999981 1000.0000000000 371.0000000000
14:34:09.515 1000.0000000000 1000.0000000000 0.0000000000 1509.9999999981 1000.0000000000 370.0000000000
14:34:09.546 1000.0000000000 1000.0000000000 0.0000000000 1509.9999999981 1000.0000000000 370.0000000000
14:34:09.578 1000.0000000000 1000.0000000000 0.0000000000 1509.9999999981 1000.0000000000 370.0000000000
14:34:09.609 1000.0000000000 1000.0000000000 0.0000000000 1511.9999999981 1000.0000000000 372.0000000000
14:34:09.640 1000.0000000000 1000.0000000000 0.0000000000 1509.9999999981 1000.0000000000 370.0000000000
14:34:09.671 1000.0000000000 1000.0000000000 0.0000000000 1509.9999999981 1000.0000000000 370.0000000000
14:34:09.703 1000.0000000000 1000.0000000000 0.0000000000 1510.9999999981 1000.0000000000 371.0000000000
14:34:09.734 1000.0000000000 1000.0000000000 0.0000000000 1510.9999999981 1000.0000000000 371.0000000000
14:34:09.765 1000.0000000000 1000.0000000000 0.0000000000 1510.9999999981 1000.0000000000 371.0000000000
14:34:09.796 1000.0000000000 1000.0000000000 0.0000000000 1509.9999999981 1000.0000000000 370.0000000000
14:34:09.828 1000.0000000000 1000.0000000000 0.0000000000 1509.9999999981 1000.0000000000 370.0000000000
14:34:09.859 1000.0000000000 1000.0000000000 0.0000000000 1509.9999999981 1000.0000000000 370.0000000000
14:34:09.890 1000.0000000000 1000.0000000000 0.0000000000 1509.9999999981 1000.0000000000 370.0000000000
14:34:09.921 1000.0000000000 1000.0000000000 0.0000000000 1508.9999999981 1000.0000000000 369.0000000000
14:34:09.953 1000.0000000000 1000.0000000000 0.0000000000 1508.9999999981 1000.0000000000 369.0000000000
14:34:09.984 1000.0000000000 1000.0000000000 0.0000000000 1509.9999999981 1000.0000000000 370.0000000000
14:34:10.015 1000.0000000000 1000.0000000000 0.0000000000 1507.9999999981 1000.0000000000 368.0000000000
14:34:10.046 1000.0000000000 1000.0000000000 0.0000000000 1509.9999999981 1000.0000000000 370.0000000000
14:34:10.078 1000.0000000000 1000.0000000000 0.0000000000 1508.9999999981 1000.0000000000 369.0000000000
14:34:10.109 1000.0000000000 1000.0000000000 0.0000000000 1507.9999999981 1000.0000000000 368.0000000000
14:34:10.140 1000.0000000000 1000.0000000000 0.0000000000 1508.9999999981 1000.0000000000 369.0000000000
14:34:10.171 1000.0000000000 1000.0000000000 0.0000000000 1510.9999999981 1000.0000000000 371.0000000000
14:34:10.203 1000.0000000000 1000.0000000000 0.0000000000 1510.9999999981 1000.0000000000 371.0000000000
14:34:10.234 1000.0000000000 1000.0000000000 0.0000000000 1510.9999999981 1000.0000000000 371.0000000000
14:34:10.265 1000.0000000000 1000.0000000000 0.0000000000 1510.9999999981 1000.0000000000 371.0000000000
14:34:10.296 1000.0000000000 1000.0000000000 0.0000000000 1510.9999999981 1000.0000000000 371.0000000000
14:34:10.328 1000.0000000000 1000.0000000000 0.0000000000 1510.9999999981 1000.0000000000 371.0000000000
14:34:10.359 1000.0000000000 1000.0000000000 0.0000000000 1510.9999999981 1000.0000000000 371.0000000000
14:34:10.390 1000.0000000000 1000.0000000000 0.0000000000 1510.9999999981 1000.0000000000 371.0000000000
14:34:10.421 1000.0000000000 1000.0000000000 0.0000000000 1510.9999999981 1000.0000000000 371.0000000000
14:34:10.453 1000.0000000000 1000.0000000000 0.0000000000 1511.9999999981 1000.0000000000 372.0000000000
14:34:10.484 1000.0000000000 1000.0000000000 0.0000000000 1511.9999999981 1000.0000000000 372.0000000000
14:34:10.515 1000.0000000000 1000.0000000000 0.0000000000 1514.9999999981 1000.0000000000 375.0000000000
14:34:10.546 1000.0000000000 1000.0000000000 0.0000000000 1511.9999999981 1000.0000000000 372.0000000000
14:34:10.578 1000.0000000000 1000.0000000000 0.0000000000 1511.9999999981 1000.0000000000 372.0000000000
14:34:10.609 1000.0000000000 1000.0000000000 0.0000000000 1511.9999999981 1000.0000000000 372.0000000000
14:34:10.640 1000.0000000000 1000.0000000000 0.0000000000 1511.9999999981 1000.0000000000 372.0000000000
14:34:10.671 1000.0000000000 1000.0000000000 0.0000000000 1508.9999999981 1000.0000000000 369.0000000000
14:34:10.703 1000.0000000000 1000.0000000000 0.0000000000 1511.9999999981 1000.0000000000 372.0000000000
14:34:10.734 1000.0000000000 1000.0000000000 0.0000000000 1509.9999999981 1000.0000000000 370.0000000000
14:34:10.765 1000.0000000000 1000.0000000000 0.0000000000 1509.9999999981 1000.0000000000 370.0000000000
14:34:10.796 1000.0000000000 1000.0000000000 0.0000000000 1510.9999999981 1000.0000000000 371.0000000000
14:34:10.828 1000.0000000000 1000.0000000000 0.0000000000 1511.9999999981 1000.0000000000 372.0000000000
14:34:10.859 1000.0000000000 1000.0000000000 0.0000000000 1509.9999999981 1000.0000000000 370.0000000000
14:34:10.890 1000.0000000000 1000.0000000000 0.0000000000 1509.9999999981 1000.0000000000 370.0000000000
14:34:10.921 1000.0000000000 1000.0000000000 0.0000000000 1509.9999999981 1000.0000000000 370.0000000000
14:34:10.953 1000.0000000000 1000.0000000000 0.0000000000 1509.9999999981 1000.0000000000 370.0000000000
14:34:10.984 1000.0000000000 1000.0000000000 0.0000000000 1509.9999999981 1000.0000000000 370.0000000000
14:34:11.015 1000.0000000000 1000.0000000000 0.0000000000 1510.9999999981 1000.0000000000 371.0000000000
14:34:11.046 1000.0000000000 1000.0000000000 0.0000000000 1507.9999999981 1000.0000000000 368.0000000000
14:34:11.078 1000.0000000000 1000.0000000000 0.0000000000 1508.9999999981 1000.0000000000 369.0000000000
14:34:11.109 1000.0000000000 1000.0000000000 0.0000000000 1507.9999999981 1000.0000000000 368.0000000000
14:34:11.140 1000.0000000000 1000.0000000000 0.0000000000 1507.9999999981 1000.0000000000 368.0000000000
14:34:11.171 1000.0000000000 1000.0000000000 0.0000000000 1507.9999999981 1000.0000000000 368.0000000000
14:34:11.203 1000.0000000000 1000.0000000000 0.0000000000 1509.9999999981 1000.0000000000 370.0000000000
14:34:11.234 1000.0000000000 1000.0000000000 0.0000000000 1509.9999999981 1000.0000000000 370.0000000000
14:34:11.265 1000.0000000000 1000.0000000000 0.0000000000 1511.9999999981 1000.0000000000 372.0000000000
14:34:11.296 1000.0000000000 1000.0000000000 0.0000000000 1510.9999999981 1000.0000000000 371.0000000000
14:34:11.328 1000.0000000000 1000.0000000000 0.0000000000 1510.9999999981 1000.0000000000 371.0000000000
14:34:11.359 1000.0000000000 1000.0000000000 0.0000000000 1511.9999999981 1000.0000000000 372.0000000000
14:34:11.390 1000.0000000000 1000.0000000000 0.0000000000 1510.9999999981 1000.0000000000 371.0000000000
14:34:11.421 1000.0000000000 1000.0000000000 0.0000000000 1509.9999999981 1000.0000000000 370.0000000000
14:34:11.453 1000.0000000000 1000.0000000000 0.0000000000 1509.9999999981 1000.0000000000 370.0000000000
14:34:11.484 1000.0000000000 1000.0000000000 0.0000000000 1509.9999999981 1000.0000000000 370.0000000000
14:34:11.515 1000.0000000000 1000.0000000000 0.0000000000 1505.9999999981 1000.0000000000 366.0000000000
14:34:11.546 1000.0000000000 1000.0000000000 0.0000000000 1509.9999999981 1000.0000000000 370.0000000000
14:34:11.578 1000.0000000000 1000.0000000000 0.0000000000 1509.9999999981 1000.0000000000 370.0000000000
14:34:11.609 1000.0000000000 1000.0000000000 0.0000000000 1509.9999999981 1000.0000000000 370.0000000000
14:34:11.640 1000.0000000000 1000.0000000000 0.0000000000 1509.9999999981 1000.0000000000 370.0000000000
14:34:11.671 1000.0000000000 1000.0000000000 0.0000000000 1510.9999999981 1000.0000000000 371.0000000000
14:34:11.703 1000.0000000000 1000.0000000000 0.0000000000 1507.9999999981 1000.0000000000 368.0000000000
14:34:11.734 1000.0000000000 1000.0000000000 0.0000000000 1510.9999999981 1000.0000000000 371.0000000000
14:34:11.765 1000.0000000000 1000.0000000000 0.0000000000 1511.9999999981 1000.0000000000 372.0000000000
14:34:11.796 1000.0000000000 1000.0000000000 0.0000000000 1511.9999999981 1000.0000000000 372.0000000000
14:34:11.828 1000.0000000000 1000.0000000000 0.0000000000 1511.9999999981 1000.0000000000 372.0000000000
14:34:11.859 1000.0000000000 1000.0000000000 0.0000000000 1511.9999999981 1000.0000000000 372.0000000000
14:34:11.890 1000.0000000000 1000.0000000000 0.0000000000 1511.9999999981 1000.0000000000 372.0000000000
14:34:11.921 1000.0000000000 1000.0000000000 0.0000000000 1514.9999999981 1000.0000000000 375.0000000000
14:34:11.953 1000.0000000000 1000.0000000000 0.0000000000 1511.9999999981 1000.0000000000 372.0000000000
14:34:11.984 1000.0000000000 1000.0000000000 0.0000000000 1510.9999999981 1000.0000000000 371.0000000000
14:34:12.015 1000.0000000000 1000.0000000000 0.0000000000 1510.9999999981 1000.0000000000 371.0000000000
14:34:12.046 1000.0000000000 1000.0000000000 0.0000000000 1511.9999999981 1000.0000000000 372.0000000000
14:34:12.078 1000.0000000000 1000.0000000000 0.0000000000 1509.9999999981 1000.0000000000 370.0000000000
14:34:12.109 1000.0000000000 1000.0000000000 0.0000000000 1510.9999999981 1000.0000000000 371.0000000000
14:34:12.140 1000.0000000000 1000.0000000000 0.0000000000 1509.9999999981 1000.0000000000 370.0000000000
14:34:12.171 1000.0000000000 1000.0000000000 0.0000000000 1509.9999999981 1000.0000000000 370.0000000000
14:34:12.203 1000.0000000000 1000.0000000000 0.0000000000 1509.9999999981 1000.0000000000 370.0000000000
14:34:12.234 1000.0000000000 1000.0000000000 0.0000000000 1509.9999999981 1000.0000000000 370.0000000000
14:34:12.265 1000.0000000000 1000.0000000000 0.0000000000 1509.9999999981 1000.0000000000 370.0000000000
14:34:12.296 1000.0000000000 1000.0000000000 0.0000000000 1509.9999999981 1000.0000000000 370.0000000000
14:34:12.328 1000.0000000000 1000.0000000000 0.0000000000 1509.9999999981 1000.0000000000 370.0000000000
14:34:12.359 1000.0000000000 1000.0000000000 0.0000000000 1509.9999999981 1000.0000000000 370.0000000000
14:34:12.390 1000.0000000000 1000.0000000000 0.0000000000 1509.9999999981 1000.0000000000 370.0000000000
14:34:12.421 1000.0000000000 1000.0000000000 0.0000000000 1509.9999999981 1000.0000000000 370.0000000000
14:34:12.453 1000.0000000000 1000.0000000000 0.0000000000 1506.9999999981 1000.0000000000 367.0000000000
14:34:12.484 1000.0000000000 1000.0000000000 0.0000000000 1509.9999999981 1000.0000000000 370.0000000000
14:34:12.515 1000.0000000000 1000.0000000000 0.0000000000 1508.9999999981 1000.0000000000 369.0000000000
14:34:12.546 1000.0000000000 1000.0000000000 0.0000000000 1508.9999999981 1000.0000000000 369.0000000000
14:34:12.578 1000.0000000000 1000.0000000000 0.0000000000 1509.9999999981 1000.0000000000 370.0000000000
14:34:12.609 1000.0000000000 1000.0000000000 0.0000000000 1508.9999999981 1000.0000000000 369.0000000000
14:34:12.640 1000.0000000000 1000.0000000000 0.0000000000 1508.9999999981 1000.0000000000 369.0000000000
14:34:12.671 1000.0000000000 1000.0000000000 0.0000000000 1508.9999999981 1000.0000000000 369.0000000000
14:34:12.703 1000.0000000000 1000.0000000000 0.0000000000 1508.9999999981 1000.0000000000 369.0000000000
14:34:12.734 1000.0000000000 1000.0000000000 0.0000000000 1508.9999999981 1000.0000000000 369.0000000000
14:34:12.765 1000.0000000000 1000.0000000000 0.0000000000 1508.9999999981 1000.0000000000 369.0000000000
14:34:12.796 1000.0000000000 1000.0000000000 0.0000000000 1508.9999999981 1000.0000000000 369.0000000000
14:34:12.828 1000.0000000000 1000.0000000000 0.0000000000 1508.9999999981 1000.0000000000 369.0000000000
14:34:12.859 1000.0000000000 1000.0000000000 0.0000000000 1510.9999999981 1000.0000000000 371.0000000000
14:34:12.890 1000.0000000000 1000.0000000000 0.0000000000 1510.9999999981 1000.0000000000 371.0000000000
14:34:12.921 1000.0000000000 1000.0000000000 0.0000000000 1508.9999999981 1000.0000000000 369.0000000000
14:34:12.953 1000.0000000000 1000.0000000000 0.0000000000 1509.9999999981 1000.0000000000 370.0000000000
14:34:12.984 1000.0000000000 1000.0000000000 0.0000000000 1509.9999999981 1000.0000000000 370.0000000000
14:34:13.015 1000.0000000000 1000.0000000000 0.0000000000 1509.9999999981 1000.0000000000 370.0000000000
14:34:13.046 1000.0000000000 1000.0000000000 0.0000000000 1509.9999999981 1000.0000000000 370.0000000000
14:34:13.078 1000.0000000000 1000.0000000000 0.0000000000 1510.9999999981 1000.0000000000 371.0000000000
14:34:13.109 1000.0000000000 1000.0000000000 0.0000000000 1507.9999999981 1000.0000000000 368.0000000000
14:34:13.140 1000.0000000000 1000.0000000000 0.0000000000 1510.9999999981 1000.0000000000 371.0000000000
14:34:13.171 1000.0000000000 1000.0000000000 0.0000000000 1509.9999999981 1000.0000000000 370.0000000000
14:34:13.203 1000.0000000000 1000.0000000000 0.0000000000 1509.9999999981 1000.0000000000 370.0000000000
14:34:13.234 1000.0000000000 1000.0000000000 0.0000000000 1509.9999999981 1000.0000000000 370.0000000000
14:34:13.265 1000.0000000000 1000.0000000000 0.0000000000 1509.9999999981 1000.0000000000 370.0000000000
14:34:13.296 1000.0000000000 1000.0000000000 0.0000000000 1508.9999999981 1000.0000000000 369.0000000000
14:34:13.328 1000.0000000000 1000.0000000000 0.0000000000 1509.9999999981 1000.0000000000 370.0000000000
14:34:13.359 1000.0000000000 1000.0000000000 0.0000000000 1508.9999999981 1000.0000000000 369.0000000000
14:34:13.390 1000.0000000000 1000.0000000000 0.0000000000 1508.9999999981 1000.0000000000 369.0000000000
14:34:13.421 1000.0000000000 1000.0000000000 0.0000000000 1508.9999999981 1000.0000000000 369.0000000000
14:34:13.453 1000.0000000000 1000.0000000000 0.0000000000 1510.9999999981 1000.0000000000 371.0000000000
14:34:13.484 1000.0000000000 1000.0000000000 0.0000000000 1508.9999999981 1000.0000000000 369.0000000000
14:34:13.515 1000.0000000000 1000.0000000000 0.0000000000 1510.9999999981 1000.0000000000 371.0000000000
14:34:13.546 1000.0000000000 1000.0000000000 0.0000000000 1508.9999999981 1000.0000000000 369.0000000000
14:34:13.578 1000.0000000000 1000.0000000000 0.0000000000 1508.9999999981 1000.0000000000 369.0000000000
14:34:13.609 1000.0000000000 1000.0000000000 0.0000000000 1508.9999999981 1000.0000000000 369.0000000000
14:34:13.640 1000.0000000000 1000.0000000000 0.0000000000 1509.9999999981 1000.0000000000 370.0000000000
14:34:13.671 1000.0000000000 1000.0000000000 0.0000000000 1508.9999999981 1000.0000000000 369.0000000000
14:34:13.703 1000.0000000000 1000.0000000000 0.0000000000 1509.9999999981 1000.0000000000 370.0000000000
14:34:13.734 1000.0000000000 1000.0000000000 0.0000000000 1509.9999999981 1000.0000000000 370.0000000000
14:34:13.765 1000.0000000000 1000.0000000000 0.0000000000 1509.9999999981 1000.0000000000 370.0000000000
14:34:13.796 1000.0000000000 1000.0000000000 0.0000000000 1509.9999999981 1000.0000000000 370.0000000000
14:34:13.828 1000.0000000000 1000.0000000000 0.0000000000 1509.9999999981 1000.0000000000 370.0000000000
14:34:13.859 1000.0000000000 1000.0000000000 0.0000000000 1509.9999999981 1000.0000000000 370.0000000000
14:34:13.890 1000.0000000000 1000.0000000000 0.0000000000 1509.9999999981 1000.0000000000 370.0000000000
14:34:13.921 1000.0000000000 1000.0000000000 0.0000000000 1509.9999999981 1000.0000000000 370.0000000000
14:34:13.953 1000.0000000000 1000.0000000000 0.0000000000 1509.9999999981 1000.0000000000 370.0000000000
14:34:13.984 1000.0000000000 1000.0000000000 0.0000000000 1509.9999999981 1000.0000000000 370.0000000000
14:34:14.015 1000.0000000000 1000.0000000000 0.0000000000 1508.9999999981 1000.0000000000 369.0000000000
14:34:14.046 1000.0000000000 1000.0000000000 0.0000000000 1508.9999999981 1000.0000000000 369.0000000000
14:34:14.078 1000.0000000000 1000.0000000000 0.0000000000 1510.9999999981 1000.0000000000 371.0000000000
14:34:14.109 1000.0000000000 1000.0000000000 0.0000000000 1509.9999999981 1000.0000000000 370.0000000000
14:34:14.140 1000.0000000000 1000.0000000000 0.0000000000 1508.9999999981 1000.0000000000 369.0000000000
14:34:14.171 1000.0000000000 1000.0000000000 0.0000000000 1509.9999999981 1000.0000000000 370.0000000000
14:34:14.203 1000.0000000000 1000.0000000000 0.0000000000 1509.9999999981 1000.0000000000 370.0000000000
14:34:14.234 1000.0000000000 1000.0000000000 0.0000000000 1509.9999999981 1000.0000000000 370.0000000000
14:34:14.265 1000.0000000000 1000.0000000000 0.0000000000 1509.9999999981 1000.0000000000 370.0000000000
14:34:14.296 1000.0000000000 1000.0000000000 0.0000000000 1510.9999999981 1000.0000000000 371.0000000000
14:34:14.328 1000.0000000000 1000.0000000000 0.0000000000 1508.9999999981 1000.0000000000 369.0000000000
14:34:14.359 1000.0000000000 1000.0000000000 0.0000000000 1510.9999999981 1000.0000000000 371.0000000000
14:34:14.390 1000.0000000000 1000.0000000000 0.0000000000 1509.9999999981 1000.0000000000 370.0000000000
14:34:14.421 1000.0000000000 1000.0000000000 0.0000000000 1509.9999999981 1000.0000000000 370.0000000000
14:34:14.453 1000.0000000000 1000.0000000000 0.0000000000 1509.9999999981 1000.0000000000 370.0000000000
14:34:14.484 1000.0000000000 1000.0000000000 0.0000000000 1509.9999999981 1000.0000000000 370.0000000000
14:34:14.515 1000.0000000000 1000.0000000000 0.0000000000 1509.9999999981 1000.0000000000 370.0000000000
14:34:14.546 1000.0000000000 1000.0000000000 0.0000000000 1510.9999999981 1000.0000000000 371.0000000000
14:34:14.578 1000.0000000000 1000.0000000000 0.0000000000 1509.9999999981 1000.0000000000 370.0000000000
14:34:14.609 1000.0000000000 1000.0000000000 0.0000000000 1509.9999999981 1000.0000000000 370.0000000000
14:34:14.640 1000.0000000000 1000.0000000000 0.0000000000 1509.9999999981 1000.0000000000 370.0000000000
14:34:14.671 1000.0000000000 1000.0000000000 0.0000000000 1508.9999999981 1000.0000000000 369.0000000000
14:34:14.703 1000.0000000000 1000.0000000000 0.0000000000 1507.9999999981 1000.0000000000 368.0000000000
14:34:14.734 1000.0000000000 1000.0000000000 0.0000000000 1508.9999999981 1000.0000000000 369.0000000000
14:34:14.765 1000.0000000000 1000.0000000000 0.0000000000 1507.9999999981 1000.0000000000 368.0000000000
14:34:14.796 1000.0000000000 1000.0000000000 0.0000000000 1507.9999999981 1000.0000000000 368.0000000000
14:34:14.828 1000.0000000000 1000.0000000000 0.0000000000 1508.9999999981 1000.0000000000 369.0000000000
14:34:14.859 1000.0000000000 1000.0000000000 0.0000000000 1509.9999999981 1000.0000000000 370.0000000000
14:34:14.890 1000.0000000000 1000.0000000000 0.0000000000 1507.9999999981 1000.0000000000 368.0000000000
14:34:14.921 1000.0000000000 1000.0000000000 0.0000000000 1509.9999999981 1000.0000000000 370.0000000000
14:34:14.953 1000.0000000000 1000.0000000000 0.0000000000 1509.9999999981 1000.0000000000 370.0000000000
14:34:14.984 1000.0000000000 1000.0000000000 0.0000000000 1509.9999999981 1000.0000000000 370.0000000000
14:34:15.015 1000.0000000000 1000.0000000000 0.0000000000 1511.9999999981 1000.0000000000 372.0000000000
14:34:15.046 1000.0000000000 1000.0000000000 0.0000000000 1512.9999999981 1000.0000000000 373.0000000000
14:34:15.078 1000.0000000000 1000.0000000000 0.0000000000 1509.9999999981 1000.0000000000 370.0000000000
14:34:15.109 1000.0000000000 1000.0000000000 0.0000000000 1509.9999999981 1000.0000000000 370.0000000000
14:34:15.140 1000.0000000000 1000.0000000000 0.0000000000 1511.9999999981 1000.0000000000 372.0000000000
14:34:15.171 1000.0000000000 1000.0000000000 0.0000000000 1511.9999999981 1000.0000000000 372.0000000000
14:34:15.203 1000.0000000000 1000.0000000000 0.0000000000 1511.9999999981 1000.0000000000 372.0000000000
14:34:15.234 1000.0000000000 1000.0000000000 0.0000000000 1511.9999999981 1000.0000000000 372.0000000000
14:34:15.265 1000.0000000000 1000.0000000000 0.0000000000 1509.9999999981 1000.0000000000 370.0000000000
14:34:15.296 1000.0000000000 1000.0000000000 0.0000000000 1511.9999999981 1000.0000000000 372.0000000000
14:34:15.328 1000.0000000000 1000.0000000000 0.0000000000 1511.9999999981 1000.0000000000 372.0000000000
14:34:15.359 1000.0000000000 1000.0000000000 0.0000000000 1510.9999999981 1000.0000000000 371.0000000000
14:34:15.390 1000.0000000000 1000.0000000000 0.0000000000 1511.9999999981 1000.0000000000 372.0000000000
14:34:15.421 1000.0000000000 1000.0000000000 0.0000000000 1510.9999999981 1000.0000000000 371.0000000000
14:34:15.453 1000.0000000000 1000.0000000000 0.0000000000 1510.9999999981 1000.0000000000 371.0000000000
14:34:15.484 1000.0000000000 1000.0000000000 0.0000000000 1510.9999999981 1000.0000000000 371.0000000000
14:34:15.515 1000.0000000000 1000.0000000000 0.0000000000 1511.9999999981 1000.0000000000 372.0000000000
14:34:15.546 1000.0000000000 1000.0000000000 0.0000000000 1510.9999999981 1000.0000000000 371.0000000000
14:34:15.578 1000.0000000000 1000.0000000000 0.0000000000 1511.9999999981 1000.0000000000 372.0000000000
14:34:15.609 1000.0000000000 1000.0000000000 0.0000000000 1510.9999999981 1000.0000000000 371.0000000000
14:34:15.640 1000.0000000000 1000.0000000000 0.0000000000 1510.9999999981 1000.0000000000 371.0000000000
14:34:15.671 1000.0000000000 1000.0000000000 0.0000000000 1510.9999999981 1000.0000000000 371.0000000000
14:34:15.703 1000.0000000000 1000.0000000000 0.0000000000 1510.9999999981 1000.0000000000 371.0000000000
14:34:15.734 1000.0000000000 1000.0000000000 0.0000000000 1508.9999999981 1000.0000000000 369.0000000000
14:34:15.765 1000.0000000000 1000.0000000000 0.0000000000 1510.9999999981 1000.0000000000 371.0000000000
14:34:15.796 1000.0000000000 1000.0000000000 0.0000000000 1511.9999999981 1000.0000000000 372.0000000000
14:34:15.828 1000.0000000000 1000.0000000000 0.0000000000 1511.9999999981 1000.0000000000 372.0000000000
14:34:15.859 1000.0000000000 1000.0000000000 0.0000000000 1511.9999999981 1000.0000000000 372.0000000000
14:34:15.890 1000.0000000000 1000.0000000000 0.0000000000 1510.9999999981 1000.0000000000 371.0000000000
14:34:15.921 1000.0000000000 1000.0000000000 0.0000000000 1507.9999999981 1000.0000000000 368.0000000000
14:34:15.953 1000.0000000000 1000.0000000000 0.0000000000 1509.9999999981 1000.0000000000 370.0000000000
14:34:15.984 1000.0000000000 1000.0000000000 0.0000000000 1507.9999999981 1000.0000000000 368.0000000000
14:34:16.015 1000.0000000000 1000.0000000000 0.0000000000 1507.9999999981 1000.0000000000 368.0000000000
14:34:16.046 1000.0000000000 1000.0000000000 0.0000000000 1507.9999999981 1000.0000000000 368.0000000000
14:34:16.078 1000.0000000000 1000.0000000000 0.0000000000 1510.9999999981 1000.0000000000 371.0000000000
14:34:16.109 1000.0000000000 1000.0000000000 0.0000000000 1509.9999999981 1000.0000000000 370.0000000000
14:34:16.140 1000.0000000000 1000.0000000000 0.0000000000 1510.9999999981 1000.0000000000 371.0000000000
14:34:16.171 1000.0000000000 1000.0000000000 0.0000000000 1509.9999999981 1000.0000000000 370.0000000000
14:34:16.203 1000.0000000000 1000.0000000000 0.0000000000 1508.9999999981 1000.0000000000 369.0000000000
14:34:16.234 1000.0000000000 1000.0000000000 0.0000000000 1509.9999999981 1000.0000000000 370.0000000000
14:34:16.265 1000.0000000000 1000.0000000000 0.0000000000 1511.9999999981 1000.0000000000 372.0000000000
14:34:16.296 1000.0000000000 1000.0000000000 0.0000000000 1508.9999999981 1000.0000000000 369.0000000000
14:34:16.328 1000.0000000000 1000.0000000000 0.0000000000 1509.9999999981 1000.0000000000 370.0000000000
14:34:16.359 1000.0000000000 1000.0000000000 0.0000000000 1508.9999999981 1000.0000000000 369.0000000000
14:34:16.390 1000.0000000000 1000.0000000000 0.0000000000 1508.9999999981 1000.0000000000 369.0000000000
14:34:16.421 1000.0000000000 1000.0000000000 0.0000000000 1508.9999999981 1000.0000000000 369.0000000000
14:34:16.453 1000.0000000000 1000.0000000000 0.0000000000 1508.9999999981 1000.0000000000 369.0000000000
14:34:16.484 1000.0000000000 1000.0000000000 0.0000000000 1508.9999999981 1000.0000000000 369.0000000000
14:34:16.515 1000.0000000000 1000.0000000000 0.0000000000 1508.9999999981 1000.0000000000 369.0000000000
14:34:16.546 1000.0000000000 1000.0000000000 0.0000000000 1509.9999999981 1000.0000000000 370.0000000000
14:34:16.578 1000.0000000000 1000.0000000000 0.0000000000 1509.9999999981 1000.0000000000 370.0000000000
14:34:16.609 1000.0000000000 1000.0000000000 0.0000000000 1511.9999999981 1000.0000000000 372.0000000000
14:34:16.640 1000.0000000000 1000.0000000000 0.0000000000 1509.9999999981 1000.0000000000 370.0000000000
14:34:16.671 1000.0000000000 1000.0000000000 0.0000000000 1509.9999999981 1000.0000000000 370.0000000000
14:34:16.703 1000.0000000000 1000.0000000000 0.0000000000 1509.9999999981 1000.0000000000 370.0000000000
14:34:16.734 1000.0000000000 1000.0000000000 0.0000000000 1510.9999999981 1000.0000000000 371.0000000000
14:34:16.765 1000.0000000000 1000.0000000000 0.0000000000 1509.9999999981 1000.0000000000 370.0000000000
14:34:16.796 1000.0000000000 1000.0000000000 0.0000000000 1510.9999999981 1000.0000000000 371.0000000000
14:34:16.828 1000.0000000000 1000.0000000000 0.0000000000 1509.9999999981 1000.0000000000 370.0000000000
14:34:16.859 1000.0000000000 1000.0000000000 0.0000000000 1509.9999999981 1000.0000000000 370.0000000000
14:34:16.890 1000.0000000000 1000.0000000000 0.0000000000 1511.9999999981 1000.0000000000 372.0000000000
14:34:16.921 1000.0000000000 1000.0000000000 0.0000000000 1511.9999999981 1000.0000000000 372.0000000000
14:34:16.953 1000.0000000000 1000.0000000000 0.0000000000 1509.9999999981 1000.0000000000 370.0000000000
14:34:16.984 1000.0000000000 1000.0000000000 0.0000000000 1510.9999999981 1000.0000000000 371.0000000000
14:34:17.015 1000.0000000000 1000.0000000000 0.0000000000 1509.9999999981 1000.0000000000 370.0000000000
14:34:17.046 1000.0000000000 1000.0000000000 0.0000000000 1509.9999999981 1000.0000000000 370.0000000000
14:34:17.078 1000.0000000000 1000.0000000000 0.0000000000 1510.9999999981 1000.0000000000 371.0000000000
14:34:17.109 1000.0000000000 1000.0000000000 0.0000000000 1510.9999999981 1000.0000000000 371.0000000000
14:34:17.140 1000.0000000000 1000.0000000000 0.0000000000 1509.9999999981 1000.0000000000 370.0000000000
14:34:17.171 1000.0000000000 1000.0000000000 0.0000000000 1510.9999999981 1000.0000000000 371.0000000000
14:34:17.203 1000.0000000000 1000.0000000000 0.0000000000 1510.9999999981 1000.0000000000 371.0000000000
14:34:17.234 1000.0000000000 1000.0000000000 0.0000000000 1510.9999999981 1000.0000000000 371.0000000000
14:34:17.265 1000.0000000000 1000.0000000000 0.0000000000 1510.9999999981 1000.0000000000 371.0000000000
14:34:17.296 1000.0000000000 1000.0000000000 0.0000000000 1509.9999999981 1000.0000000000 370.0000000000
14:34:17.328 1000.0000000000 1000.0000000000 0.0000000000 1509.9999999981 1000.0000000000 370.0000000000
14:34:17.359 1000.0000000000 1000.0000000000 0.0000000000 1510.9999999981 1000.0000000000 371.0000000000
14:34:17.390 1000.0000000000 1000.0000000000 0.0000000000 1509.9999999981 1000.0000000000 370.0000000000
14:34:17.421 1000.0000000000 1000.0000000000 0.0000000000 1509.9999999981 1000.0000000000 370.0000000000
14:34:17.453 1000.0000000000 1000.0000000000 0.0000000000 1509.9999999981 1000.0000000000 370.0000000000
14:34:17.484 1000.0000000000 1000.0000000000 0.0000000000 1508.9999999981 1000.0000000000 369.0000000000
14:34:17.515 1000.0000000000 1000.0000000000 0.0000000000 1508.9999999981 1000.0000000000 369.0000000000
14:34:17.546 1000.0000000000 1000.0000000000 0.0000000000 1509.9999999981 1000.0000000000 370.0000000000
14:34:17.578 1000.0000000000 1000.0000000000 0.0000000000 1510.9999999981 1000.0000000000 371.0000000000
14:34:17.609 1000.0000000000 1000.0000000000 0.0000000000 1508.9999999981 1000.0000000000 369.0000000000
14:34:17.640 1000.0000000000 1000.0000000000 0.0000000000 1508.9999999981 1000.0000000000 369.0000000000
14:34:17.671 1000.0000000000 1000.0000000000 0.0000000000 1508.9999999981 1000.0000000000 369.0000000000
14:34:17.703 1000.0000000000 1000.0000000000 0.0000000000 1508.9999999981 1000.0000000000 369.0000000000
14:34:17.734 1000.0000000000 1000.0000000000 0.0000000000 1508.9999999981 1000.0000000000 369.0000000000
14:34:17.765 1000.0000000000 1000.0000000000 0.0000000000 1510.9999999981 1000.0000000000 371.0000000000
14:34:17.796 1000.0000000000 1000.0000000000 0.0000000000 1508.9999999981 1000.0000000000 369.0000000000
14:34:17.828 1000.0000000000 1000.0000000000 0.0000000000 1510.9999999981 1000.0000000000 371.0000000000
14:34:17.859 1000.0000000000 1000.0000000000 0.0000000000 1511.9999999981 1000.0000000000 372.0000000000
14:34:17.890 1000.0000000000 1000.0000000000 0.0000000000 1511.9999999981 1000.0000000000 372.0000000000
14:34:17.921 1000.0000000000 1000.0000000000 0.0000000000 1511.9999999981 1000.0000000000 372.0000000000
14:34:17.953 1000.0000000000 1000.0000000000 0.0000000000 1510.9999999981 1000.0000000000 371.0000000000
14:34:17.984 1000.0000000000 1000.0000000000 0.0000000000 1509.9999999981 1000.0000000000 370.0000000000
14:34:18.015 1000.0000000000 1000.0000000000 0.0000000000 1510.9999999981 1000.0000000000 371.0000000000
14:34:18.046 1000.0000000000 1000.0000000000 0.0000000000 1509.9999999981 1000.0000000000 370.0000000000
14:34:18.078 1000.0000000000 1000.0000000000 0.0000000000 1509.9999999981 1000.0000000000 370.0000000000
14:34:18.109 1000.0000000000 1000.0000000000 0.0000000000 1509.9999999981 1000.0000000000 370.0000000000
14:34:18.140 1000.0000000000 1000.0000000000 0.0000000000 1510.9999999981 1000.0000000000 371.0000000000
14:34:18.171 1000.0000000000 1000.0000000000 0.0000000000 1509.9999999981 1000.0000000000 370.0000000000
14:34:18.203 1000.0000000000 1000.0000000000 0.0000000000 1510.9999999981 1000.0000000000 371.0000000000
14:34:18.234 1000.0000000000 1000.0000000000 0.0000000000 1509.9999999981 1000.0000000000 370.0000000000
14:34:18.265 1000.0000000000 1000.0000000000 0.0000000000 1509.9999999981 1000.0000000000 370.0000000000
14:34:18.296 1000.0000000000 1000.0000000000 0.0000000000 1509.9999999981 1000.0000000000 370.0000000000
14:34:18.328 1000.0000000000 1000.0000000000 0.0000000000 1509.9999999981 1000.0000000000 370.0000000000
14:34:18.359 1000.0000000000 1000.0000000000 0.0000000000 1509.9999999981 1000.0000000000 370.0000000000
14:34:18.390 1000.0000000000 1000.0000000000 0.0000000000 1509.9999999981 1000.0000000000 370.0000000000
14:34:18.421 1000.0000000000 1000.0000000000 0.0000000000 1509.9999999981 1000.0000000000 370.0000000000
14:34:18.453 1000.0000000000 1000.0000000000 0.0000000000 1509.9999999981 1000.0000000000 370.0000000000
14:34:18.484 1000.0000000000 1000.0000000000 0.0000000000 1509.9999999981 1000.0000000000 370.0000000000
14:34:18.515 1000.0000000000 1000.0000000000 0.0000000000 1509.9999999981 1000.0000000000 370.0000000000
14:34:18.546 1000.0000000000 1000.0000000000 0.0000000000 1508.9999999981 1000.0000000000 369.0000000000
14:34:18.578 1000.0000000000 1000.0000000000 0.0000000000 1508.9999999981 1000.0000000000 369.0000000000
14:34:18.609 1000.0000000000 1000.0000000000 0.0000000000 1509.9999999981 1000.0000000000 370.0000000000
14:34:18.640 1000.0000000000 1000.0000000000 0.0000000000 1509.9999999981 1000.0000000000 370.0000000000
14:34:18.671 1000.0000000000 1000.0000000000 0.0000000000 1509.9999999981 1000.0000000000 370.0000000000
14:34:18.703 1000.0000000000 1000.0000000000 0.0000000000 1507.9999999981 1000.0000000000 368.0000000000
14:34:18.734 1000.0000000000 1000.0000000000 0.0000000000 1507.9999999981 1000.0000000000 368.0000000000
14:34:18.765 1000.0000000000 1000.0000000000 0.0000000000 1508.9999999981 1000.0000000000 369.0000000000
14:34:18.796 1000.0000000000 1000.0000000000 0.0000000000 1510.9999999981 1000.0000000000 371.0000000000
14:34:18.828 1000.0000000000 1000.0000000000 0.0000000000 1510.9999999981 1000.0000000000 371.0000000000
14:34:18.859 1000.0000000000 1000.0000000000 0.0000000000 1510.9999999981 1000.0000000000 371.0000000000
14:34:18.890 1000.0000000000 1000.0000000000 0.0000000000 1510.9999999981 1000.0000000000 371.0000000000
14:34:18.921 1000.0000000000 1000.0000000000 0.0000000000 1509.9999999981 1000.0000000000 370.0000000000
14:34:18.953 1000.0000000000 1000.0000000000 0.0000000000 1510.9999999981 1000.0000000000 371.0000000000
14:34:18.984 1000.0000000000 1000.0000000000 0.0000000000 1509.9999999981 1000.0000000000 370.0000000000
14:34:19.015 1000.0000000000 1000.0000000000 0.0000000000 1509.9999999981 1000.0000000000 370.0000000000
14:34:19.046 1000.0000000000 1000.0000000000 0.0000000000 1509.9999999981 1000.0000000000 370.0000000000
14:34:19.078 1000.0000000000 1000.0000000000 0.0000000000 1509.9999999981 1000.0000000000 370.0000000000
14:34:19.109 1000.0000000000 1000.0000000000 0.0000000000 1509.9999999981 1000.0000000000 370.0000000000
14:34:19.140 1000.0000000000 1000.0000000000 0.0000000000 1509.9999999981 1000.0000000000 370.0000000000
14:34:19.171 1000.0000000000 1000.0000000000 0.0000000000 1510.9999999981 1000.0000000000 371.0000000000
14:34:19.203 1000.0000000000 1000.0000000000 0.0000000000 1507.9999999981 1000.0000000000 368.0000000000
14:34:19.234 1000.0000000000 1000.0000000000 0.0000000000 1510.9999999981 1000.0000000000 371.0000000000
14:34:19.265 1000.0000000000 1000.0000000000 0.0000000000 1509.9999999981 1000.0000000000 370.0000000000
14:34:19.296 1000.0000000000 1000.0000000000 0.0000000000 1509.9999999981 1000.0000000000 370.0000000000
14:34:19.328 1000.0000000000 1000.0000000000 0.0000000000 1509.9999999981 1000.0000000000 370.0000000000
14:34:19.359 1000.0000000000 1000.0000000000 0.0000000000 1510.9999999981 1000.0000000000 371.0000000000
14:34:19.390 1000.0000000000 1000.0000000000 0.0000000000 1510.9999999981 1000.0000000000 371.0000000000
14:34:19.421 1000.0000000000 1000.0000000000 0.0000000000 1511.9999999981 1000.0000000000 372.0000000000
14:34:19.453 1000.0000000000 1000.0000000000 0.0000000000 1510.9999999981 1000.0000000000 371.0000000000
14:34:19.484 1000.0000000000 1000.0000000000 0.0000000000 1510.9999999981 1000.0000000000 371.0000000000
14:34:19.515 1000.0000000000 1000.0000000000 0.0000000000 1510.9999999981 1000.0000000000 371.0000000000
14:34:19.546 1000.0000000000 1000.0000000000 0.0000000000 1510.9999999981 1000.0000000000 371.0000000000
14:34:19.578 1000.0000000000 1000.0000000000 0.0000000000 1509.9999999981 1000.0000000000 370.0000000000
14:34:19.609 1000.0000000000 1000.0000000000 0.0000000000 1510.9999999981 1000.0000000000 371.0000000000
14:34:19.640 1000.0000000000 1000.0000000000 0.0000000000 1509.9999999981 1000.0000000000 370.0000000000
14:34:19.671 1000.0000000000 1000.0000000000 0.0000000000 1509.9999999981 1000.0000000000 370.0000000000
14:34:19.703 1000.0000000000 1000.0000000000 0.0000000000 1509.9999999981 1000.0000000000 370.0000000000
14:34:19.734 1000.0000000000 1000.0000000000 0.0000000000 1509.9999999981 1000.0000000000 370.0000000000
14:34:19.765 1000.0000000000 1000.0000000000 0.0000000000 1507.9999999981 1000.0000000000 368.0000000000
14:34:19.796 1000.0000000000 1000.0000000000 0.0000000000 1508.9999999981 1000.0000000000 369.0000000000
14:34:19.828 1000.0000000000 1000.0000000000 0.0000000000 1507.9999999981 1000.0000000000 368.0000000000
14:34:19.859 1000.0000000000 1000.0000000000 0.0000000000 1507.9999999981 1000.0000000000 368.0000000000
14:34:19.890 1000.0000000000 1000.0000000000 0.0000000000 1509.9999999981 1000.0000000000 370.0000000000
14:34:19.921 1000.0000000000 1000.0000000000 0.0000000000 1511.9999999981 1000.0000000000 372.0000000000
14:34:19.953 1000.0000000000 1000.0000000000 0.0000000000 1509.9999999981 1000.0000000000 370.0000000000
14:34:19.984 1000.0000000000 1000.0000000000 0.0000000000 1509.9999999981 1000.0000000000 370.0000000000
14:34:20.015 1000.0000000000 1000.0000000000 0.0000000000 1508.9999999981 1000.0000000000 369.0000000000
14:34:20.046 1000.0000000000 1000.0000000000 0.0000000000 1508.9999999981 1000.0000000000 369.0000000000
14:34:20.078 1000.0000000000 1000.0000000000 0.0000000000 1508.9999999981 1000.0000000000 369.0000000000
14:34:20.109 1000.0000000000 1000.0000000000 0.0000000000 1509.9999999981 1000.0000000000 370.0000000000
14:34:20.140 1000.0000000000 1000.0000000000 0.0000000000 1508.9999999981 1000.0000000000 369.0000000000
14:34:20.171 1000.0000000000 1000.0000000000 0.0000000000 1509.9999999981 1000.0000000000 370.0000000000
14:34:20.203 1000.0000000000 1000.0000000000 0.0000000000 1509.9999999981 1000.0000000000 370.0000000000
14:34:20.234 1000.0000000000 1000.0000000000 0.0000000000 1508.9999999981 1000.0000000000 369.0000000000
