Тестовая информация 0. Исходные сенсорные данные: Time, X_rob, Y_rob, Ang_rob, X_obj, Y_obj, Distance (мм, град)
14:34:43.734 1000.0000000000 1000.0000000000 0.0000000000 1562.9999999981 1000.0000000000 423.0000000000
14:34:43.765 1000.0000000000 1000.0000000000 0.0000000000 1561.9999999981 1000.0000000000 422.0000000000
14:34:43.796 1000.0000000000 1000.0000000000 0.0000000000 1562.9999999981 1000.0000000000 423.0000000000
14:34:43.828 1000.0000000000 1000.0000000000 0.0000000000 1561.9999999981 1000.0000000000 422.0000000000
14:34:43.859 1000.0000000000 1000.0000000000 0.0000000000 1561.9999999981 1000.0000000000 422.0000000000
14:34:43.890 1000.0000000000 1000.0000000000 0.0000000000 1561.9999999981 1000.0000000000 422.0000000000
14:34:43.921 1000.0000000000 1000.0000000000 0.0000000000 1561.9999999981 1000.0000000000 422.0000000000
14:34:43.953 1000.0000000000 1000.0000000000 0.0000000000 1561.9999999981 1000.0000000000 422.0000000000
14:34:43.984 1000.0000000000 1000.0000000000 0.0000000000 1561.9999999981 1000.0000000000 422.0000000000
14:34:44.015 1000.0000000000 1000.0000000000 0.0000000000 1563.9999999981 1000.0000000000 424.0000000000
14:34:44.046 1000.0000000000 1000.0000000000 0.0000000000 1563.9999999981 1000.0000000000 424.0000000000
14:34:44.078 1000.0000000000 1000.0000000000 0.0000000000 1564.9999999981 1000.0000000000 425.0000000000
14:34:44.109 1000.0000000000 1000.0000000000 0.0000000000 1563.9999999981 1000.0000000000 424.0000000000
14:34:44.140 1000.0000000000 1000.0000000000 0.0000000000 1561.9999999981 1000.0000000000 422.0000000000
14:34:44.171 1000.0000000000 1000.0000000000 0.0000000000 1562.9999999981 1000.0000000000 423.0000000000
14:34:44.203 1000.0000000000 1000.0000000000 0.0000000000 1562.9999999981 1000.0000000000 423.0000000000
14:34:44.234 1000.0000000000 1000.0000000000 0.0000000000 1562.9999999981 1000.0000000000 423.0000000000
14:34:44.265 1000.0000000000 1000.0000000000 0.0000000000 1562.9999999981 1000.0000000000 423.0000000000
14:34:44.296 1000.0000000000 1000.0000000000 0.0000000000 1561.9999999981 1000.0000000000 422.0000000000
14:34:44.328 1000.0000000000 1000.0000000000 0.0000000000 1561.9999999981 1000.0000000000 422.0000000000
14:34:44.359 1000.0000000000 1000.0000000000 0.0000000000 1561.9999999981 1000.0000000000 422.0000000000
14:34:44.390 1000.0000000000 1000.0000000000 0.0000000000 1562.9999999981 1000.0000000000 423.0000000000
14:34:44.421 1000.0000000000 1000.0000000000 0.0000000000 1561.9999999981 1000.0000000000 422.0000000000
14:34:44.453 1000.0000000000 1000.0000000000 0.0000000000 1562.9999999981 1000.0000000000 423.0000000000
14:34:44.484 1000.0000000000 1000.0000000000 0.0000000000 1561.9999999981 1000.0000000000 422.0000000000
14:34:44.515 1000.0000000000 1000.0000000000 0.0000000000 1561.9999999981 1000.0000000000 422.0000000000
14:34:44.546 1000.0000000000 1000.0000000000 0.0000000000 1563.9999999981 1000.0000000000 424.0000000000
14:34:44.578 1000.0000000000 1000.0000000000 0.0000000000 1564.9999999981 1000.0000000000 425.0000000000
14:34:44.609 1000.0000000000 1000.0000000000 0.0000000000 1561.9999999981 1000.0000000000 422.0000000000
14:34:44.640 1000.0000000000 1000.0000000000 0.0000000000 1561.9999999981 1000.0000000000 422.0000000000
14:34:44.671 1000.0000000000 1000.0000000000 0.0000000000 1564.9999999981 1000.0000000000 425.0000000000
14:34:44.703 1000.0000000000 1000.0000000000 0.0000000000 1564.9999999981 1000.0000000000 425.0000000000
14:34:44.734 1000.0000000000 1000.0000000000 0.0000000000 1564.9999999981 1000.0000000000 425.0000000000
14:34:44.765 1000.0000000000 1000.0000000000 0.0000000000 1565.9999999981 1000.0000000000 426.0000000000
14:34:44.796 1000.0000000000 1000.0000000000 0.0000000000 1563.9999999981 1000.0000000000 424.0000000000
14:34:44.828 1000.0000000000 1000.0000000000 0.0000000000 1565.9999999981 1000.0000000000 426.0000000000
14:34:44.859 1000.0000000000 1000.0000000000 0.0000000000 1564.9999999981 1000.0000000000 425.0000000000
14:34:44.890 1000.0000000000 1000.0000000000 0.0000000000 1564.9999999981 1000.0000000000 425.0000000000
14:34:44.921 1000.0000000000 1000.0000000000 0.0000000000 1564.9999999981 1000.0000000000 425.0000000000
14:34:44.953 1000.0000000000 1000.0000000000 0.0000000000 1562.9999999981 1000.0000000000 423.0000000000
14:34:44.984 1000.0000000000 1000.0000000000 0.0000000000 1562.9999999981 1000.0000000000 423.0000000000
14:34:45.015 1000.0000000000 1000.0000000000 0.0000000000 1565.9999999981 1000.0000000000 426.0000000000
14:34:45.046 1000.0000000000 1000.0000000000 0.0000000000 1562.9999999981 1000.0000000000 423.0000000000
14:34:45.078 1000.0000000000 1000.0000000000 0.0000000000 1562.9999999981 1000.0000000000 423.0000000000
14:34:45.109 1000.0000000000 1000.0000000000 0.0000000000 1562.9999999981 1000.0000000000 423.0000000000
14:34:45.140 1000.0000000000 1000.0000000000 0.0000000000 1561.9999999981 1000.0000000000 422.0000000000
14:34:45.171 1000.0000000000 1000.0000000000 0.0000000000 1561.9999999981 1000.0000000000 422.0000000000
14:34:45.203 1000.0000000000 1000.0000000000 0.0000000000 1561.9999999981 1000.0000000000 422.0000000000
14:34:45.234 1000.0000000000 1000.0000000000 0.0000000000 1561.9999999981 1000.0000000000 422.0000000000
14:34:45.265 1000.0000000000 1000.0000000000 0.0000000000 1561.9999999981 1000.0000000000 422.0000000000
14:34:45.296 1000.0000000000 1000.0000000000 0.0000000000 1563.9999999981 1000.0000000000 424.0000000000
14:34:45.328 1000.0000000000 1000.0000000000 0.0000000000 1562.9999999981 1000.0000000000 423.0000000000
14:34:45.359 1000.0000000000 1000.0000000000 0.0000000000 1561.9999999981 1000.0000000000 422.0000000000
14:34:45.390 1000.0000000000 1000.0000000000 0.0000000000 1562.9999999981 1000.0000000000 423.0000000000
14:34:45.421 1000.0000000000 1000.0000000000 0.0000000000 1562.9999999981 1000.0000000000 423.0000000000
14:34:45.453 1000.0000000000 1000.0000000000 0.0000000000 1562.9999999981 1000.0000000000 423.0000000000
14:34:45.484 1000.0000000000 1000.0000000000 0.0000000000 1563.9999999981 1000.0000000000 424.0000000000
14:34:45.515 1000.0000000000 1000.0000000000 0.0000000000 1563.9999999981 1000.0000000000 424.0000000000
14:34:45.546 1000.0000000000 1000.0000000000 0.0000000000 1563.9999999981 1000.0000000000 424.0000000000
14:34:45.578 1000.0000000000 1000.0000000000 0.0000000000 1563.9999999981 1000.0000000000 424.0000000000
14:34:45.609 1000.0000000000 1000.0000000000 0.0000000000 1563.9999999981 1000.0000000000 424.0000000000
14:34:45.640 1000.0000000000 1000.0000000000 0.0000000000 1562.9999999981 1000.0000000000 423.0000000000
14:34:45.671 1000.0000000000 1000.0000000000 0.0000000000 1563.9999999981 1000.0000000000 424.0000000000
14:34:45.703 1000.0000000000 1000.0000000000 0.0000000000 1562.9999999981 1000.0000000000 423.0000000000
14:34:45.734 1000.0000000000 1000.0000000000 0.0000000000 1562.9999999981 1000.0000000000 423.0000000000
14:34:45.765 1000.0000000000 1000.0000000000 0.0000000000 1564.9999999981 1000.0000000000 425.0000000000
14:34:45.796 1000.0000000000 1000.0000000000 0.0000000000 1565.9999999981 1000.0000000000 426.0000000000
14:34:45.828 1000.0000000000 1000.0000000000 0.0000000000 1562.9999999981 1000.0000000000 423.0000000000
14:34:45.859 1000.0000000000 1000.0000000000 0.0000000000 1562.9999999981 1000.0000000000 423.0000000000
14:34:45.890 1000.0000000000 1000.0000000000 0.0000000000 1562.9999999981 1000.0000000000 423.0000000000
14:34:45.921 1000.0000000000 1000.0000000000 0.0000000000 1562.9999999981 1000.0000000000 423.0000000000
14:34:45.953 1000.0000000000 1000.0000000000 0.0000000000 1564.9999999981 1000.0000000000 425.0000000000
14:34:45.984 1000.0000000000 1000.0000000000 0.0000000000 1565.9999999981 1000.0000000000 426.0000000000
14:34:46.015 1000.0000000000 1000.0000000000 0.0000000000 1562.9999999981 1000.0000000000 423.0000000000
14:34:46.046 1000.0000000000 1000.0000000000 0.0000000000 1562.9999999981 1000.0000000000 423.0000000000
14:34:46.078 1000.0000000000 1000.0000000000 0.0000000000 1560.9999999981 1000.0000000000 421.0000000000
14:34:46.109 1000.0000000000 1000.0000000000 0.0000000000 1560.9999999981 1000.0000000000 421.0000000000
14:34:46.140 1000.0000000000 1000.0000000000 0.0000000000 1560.9999999981 1000.0000000000 421.0000000000
14:34:46.171 1000.0000000000 1000.0000000000 0.0000000000 1561.9999999981 1000.0000000000 422.0000000000
14:34:46.203 1000.0000000000 1000.0000000000 0.0000000000 1560.9999999981 1000.0000000000 421.0000000000
14:34:46.234 1000.0000000000 1000.0000000000 0.0000000000 1561.9999999981 1000.0000000000 422.0000000000
14:34:46.265 1000.0000000000 1000.0000000000 0.0000000000 1562.9999999981 1000.0000000000 423.0000000000
14:34:46.296 1000.0000000000 1000.0000000000 0.0000000000 1562.9999999981 1000.0000000000 423.0000000000
14:34:46.328 1000.0000000000 1000.0000000000 0.0000000000 1562.9999999981 1000.0000000000 423.0000000000
14:34:46.359 1000.0000000000 1000.0000000000 0.0000000000 1563.9999999981 1000.0000000000 424.0000000000
14:34:46.390 1000.0000000000 1000.0000000000 0.0000000000 1562.9999999981 1000.0000000000 423.0000000000
14:34:46.421 1000.0000000000 1000.0000000000 0.0000000000 1563.9999999981 1000.0000000000 424.0000000000
14:34:46.453 1000.0000000000 1000.0000000000 0.0000000000 1562.9999999981 1000.0000000000 423.0000000000
14:34:46.484 1000.0000000000 1000.0000000000 0.0000000000 1562.9999999981 1000.0000000000 423.0000000000
14:34:46.515 1000.0000000000 1000.0000000000 0.0000000000 1562.9999999981 1000.0000000000 423.0000000000
14:34:46.546 1000.0000000000 1000.0000000000 0.0000000000 1562.9999999981 1000.0000000000 423.0000000000
14:34:46.578 1000.0000000000 1000.0000000000 0.0000000000 1562.9999999981 1000.0000000000 423.0000000000
14:34:46.609 1000.0000000000 1000.0000000000 0.0000000000 1563.9999999981 1000.0000000000 424.0000000000
14:34:46.640 1000.0000000000 1000.0000000000 0.0000000000 1563.9999999981 1000.0000000000 424.0000000000
14:34:46.671 1000.0000000000 1000.0000000000 0.0000000000 1563.9999999981 1000.0000000000 424.0000000000
14:34:46.703 1000.0000000000 1000.0000000000 0.0000000000 1563.9999999981 1000.0000000000 424.0000000000
14:34:46.734 1000.0000000000 1000.0000000000 0.0000000000 1566.9999999981 1000.0000000000 427.0000000000
14:34:46.765 1000.0000000000 1000.0000000000 0.0000000000 1566.9999999981 1000.0000000000 427.0000000000
14:34:46.796 1000.0000000000 1000.0000000000 0.0000000000 1566.9999999981 1000.0000000000 427.0000000000
14:34:46.828 1000.0000000000 1000.0000000000 0.0000000000 1566.9999999981 1000.0000000000 427.0000000000
14:34:46.859 1000.0000000000 1000.0000000000 0.0000000000 1564.9999999981 1000.0000000000 425.0000000000
14:34:46.890 1000.0000000000 1000.0000000000 0.0000000000 1566.9999999981 1000.0000000000 427.0000000000
14:34:46.921 1000.0000000000 1000.0000000000 0.0000000000 1564.9999999981 1000.0000000000 425.0000000000
14:34:46.953 1000.0000000000 1000.0000000000 0.0000000000 1564.9999999981 1000.0000000000 425.0000000000
14:34:46.984 1000.0000000000 1000.0000000000 0.0000000000 1564.9999999981 1000.0000000000 425.0000000000
14:34:47.015 1000.0000000000 1000.0000000000 0.0000000000 1565.9999999981 1000.0000000000 426.0000000000
14:34:47.046 1000.0000000000 1000.0000000000 0.0000000000 1565.9999999981 1000.0000000000 426.0000000000
14:34:47.078 1000.0000000000 1000.0000000000 0.0000000000 1565.9999999981 1000.0000000000 426.0000000000
14:34:47.109 1000.0000000000 1000.0000000000 0.0000000000 1565.9999999981 1000.0000000000 426.0000000000
14:34:47.140 1000.0000000000 1000.0000000000 0.0000000000 1564.9999999981 1000.0000000000 425.0000000000
14:34:47.171 1000.0000000000 1000.0000000000 0.0000000000 1564.9999999981 1000.0000000000 425.0000000000
14:34:47.203 1000.0000000000 1000.0000000000 0.0000000000 1565.9999999981 1000.0000000000 426.0000000000
14:34:47.234 1000.0000000000 1000.0000000000 0.0000000000 1562.9999999981 1000.0000000000 423.0000000000
14:34:47.265 1000.0000000000 1000.0000000000 0.0000000000 1565.9999999981 1000.0000000000 426.0000000000
14:34:47.296 1000.0000000000 1000.0000000000 0.0000000000 1562.9999999981 1000.0000000000 423.0000000000
14:34:47.328 1000.0000000000 1000.0000000000 0.0000000000 1562.9999999981 1000.0000000000 423.0000000000
14:34:47.359 1000.0000000000 1000.0000000000 0.0000000000 1564.9999999981 1000.0000000000 425.0000000000
14:34:47.390 1000.0000000000 1000.0000000000 0.0000000000 1564.9999999981 1000.0000000000 425.0000000000
14:34:47.421 1000.0000000000 1000.0000000000 0.0000000000 1562.9999999981 1000.0000000000 423.0000000000
14:34:47.453 1000.0000000000 1000.0000000000 0.0000000000 1564.9999999981 1000.0000000000 425.0000000000
14:34:47.484 1000.0000000000 1000.0000000000 0.0000000000 1562.9999999981 1000.0000000000 423.0000000000
14:34:47.515 1000.0000000000 1000.0000000000 0.0000000000 1562.9999999981 1000.0000000000 423.0000000000
14:34:47.546 1000.0000000000 1000.0000000000 0.0000000000 1562.9999999981 1000.0000000000 423.0000000000
14:34:47.578 1000.0000000000 1000.0000000000 0.0000000000 1563.9999999981 1000.0000000000 424.0000000000
14:34:47.609 1000.0000000000 1000.0000000000 0.0000000000 1560.9999999981 1000.0000000000 421.0000000000
14:34:47.640 1000.0000000000 1000.0000000000 0.0000000000 1563.9999999981 1000.0000000000 424.0000000000
14:34:47.671 1000.0000000000 1000.0000000000 0.0000000000 1563.9999999981 1000.0000000000 424.0000000000
14:34:47.703 1000.0000000000 1000.0000000000 0.0000000000 1563.9999999981 1000.0000000000 424.0000000000
14:34:47.734 1000.0000000000 1000.0000000000 0.0000000000 1563.9999999981 1000.0000000000 424.0000000000
14:34:47.765 1000.0000000000 1000.0000000000 0.0000000000 1562.9999999981 1000.0000000000 423.0000000000
14:34:47.796 1000.0000000000 1000.0000000000 0.0000000000 1562.9999999981 1000.0000000000 423.0000000000
14:34:47.828 1000.0000000000 1000.0000000000 0.0000000000 1562.9999999981 1000.0000000000 423.0000000000
14:34:47.859 1000.0000000000 1000.0000000000 0.0000000000 1562.9999999981 1000.0000000000 423.0000000000
14:34:47.890 1000.0000000000 1000.0000000000 0.0000000000 1561.9999999981 1000.0000000000 422.0000000000
14:34:47.921 1000.0000000000 1000.0000000000 0.0000000000 1561.9999999981 1000.0000000000 422.0000000000
14:34:47.953 1000.0000000000 1000.0000000000 0.0000000000 1562.9999999981 1000.0000000000 423.0000000000
14:34:47.984 1000.0000000000 1000.0000000000 0.0000000000 1562.9999999981 1000.0000000000 423.0000000000
14:34:48.015 1000.0000000000 1000.0000000000 0.0000000000 1562.9999999981 1000.0000000000 423.0000000000
14:34:48.046 1000.0000000000 1000.0000000000 0.0000000000 1562.9999999981 1000.0000000000 423.0000000000
14:34:48.078 1000.0000000000 1000.0000000000 0.0000000000 1561.9999999981 1000.0000000000 422.0000000000
14:34:48.109 1000.0000000000 1000.0000000000 0.0000000000 1562.9999999981 1000.0000000000 423.0000000000
14:34:48.140 1000.0000000000 1000.0000000000 0.0000000000 1564.9999999981 1000.0000000000 425.0000000000
14:34:48.171 1000.0000000000 1000.0000000000 0.0000000000 1564.9999999981 1000.0000000000 425.0000000000
14:34:48.203 1000.0000000000 1000.0000000000 0.0000000000 1564.9999999981 1000.0000000000 425.0000000000
14:34:48.234 1000.0000000000 1000.0000000000 0.0000000000 1558.9999999981 1000.0000000000 419.0000000000
14:34:48.265 1000.0000000000 1000.0000000000 0.0000000000 1558.9999999981 1000.0000000000 419.0000000000
14:34:48.296 1000.0000000000 1000.0000000000 0.0000000000 1559.9999999981 1000.0000000000 420.0000000000
14:34:48.328 1000.0000000000 1000.0000000000 0.0000000000 1562.9999999981 1000.0000000000 423.0000000000
14:34:48.359 1000.0000000000 1000.0000000000 0.0000000000 1562.9999999981 1000.0000000000 423.0000000000
14:34:48.390 1000.0000000000 1000.0000000000 0.0000000000 1562.9999999981 1000.0000000000 423.0000000000
14:34:48.421 1000.0000000000 1000.0000000000 0.0000000000 1562.9999999981 1000.0000000000 423.0000000000
14:34:48.453 1000.0000000000 1000.0000000000 0.0000000000 1562.9999999981 1000.0000000000 423.0000000000
14:34:48.484 1000.0000000000 1000.0000000000 0.0000000000 1565.9999999981 1000.0000000000 426.0000000000
14:34:48.515 1000.0000000000 1000.0000000000 0.0000000000 1562.9999999981 1000.0000000000 423.0000000000
14:34:48.546 1000.0000000000 1000.0000000000 0.0000000000 1562.9999999981 1000.0000000000 423.0000000000
14:34:48.578 1000.0000000000 1000.0000000000 0.0000000000 1562.9999999981 1000.0000000000 423.0000000000
14:34:48.609 1000.0000000000 1000.0000000000 0.0000000000 1564.9999999981 1000.0000000000 425.0000000000
14:34:48.640 1000.0000000000 1000.0000000000 0.0000000000 1562.9999999981 1000.0000000000 423.0000000000
14:34:48.671 1000.0000000000 1000.0000000000 0.0000000000 1564.9999999981 1000.0000000000 425.0000000000
14:34:48.703 1000.0000000000 1000.0000000000 0.0000000000 1562.9999999981 1000.0000000000 423.0000000000
14:34:48.734 1000.0000000000 1000.0000000000 0.0000000000 1562.9999999981 1000.0000000000 423.0000000000
14:34:48.765 1000.0000000000 1000.0000000000 0.0000000000 1564.9999999981 1000.0000000000 425.0000000000
14:34:48.796 1000.0000000000 1000.0000000000 0.0000000000 1565.9999999981 1000.0000000000 426.0000000000
14:34:48.828 1000.0000000000 1000.0000000000 0.0000000000 1562.9999999981 1000.0000000000 423.0000000000
14:34:48.859 1000.0000000000 1000.0000000000 0.0000000000 1562.9999999981 1000.0000000000 423.0000000000
14:34:48.890 1000.0000000000 1000.0000000000 0.0000000000 1563.9999999981 1000.0000000000 424.0000000000
14:34:48.921 1000.0000000000 1000.0000000000 0.0000000000 1563.9999999981 1000.0000000000 424.0000000000
14:34:48.953 1000.0000000000 1000.0000000000 0.0000000000 1563.9999999981 1000.0000000000 424.0000000000
14:34:48.984 1000.0000000000 1000.0000000000 0.0000000000 1564.9999999981 1000.0000000000 425.0000000000
14:34:49.015 1000.0000000000 1000.0000000000 0.0000000000 1563.9999999981 1000.0000000000 424.0000000000
14:34:49.046 1000.0000000000 1000.0000000000 0.0000000000 1563.9999999981 1000.0000000000 424.0000000000
14:34:49.078 1000.0000000000 1000.0000000000 0.0000000000 1563.9999999981 1000.0000000000 424.0000000000
14:34:49.109 1000.0000000000 1000.0000000000 0.0000000000 1563.9999999981 1000.0000000000 424.0000000000
14:34:49.140 1000.0000000000 1000.0000000000 0.0000000000 1565.9999999981 1000.0000000000 426.0000000000
14:34:49.171 1000.0000000000 1000.0000000000 0.0000000000 1563.9999999981 1000.0000000000 424.0000000000
14:34:49.203 1000.0000000000 1000.0000000000 0.0000000000 1563.9999999981 1000.0000000000 424.0000000000
14:34:49.234 1000.0000000000 1000.0000000000 0.0000000000 1565.9999999981 1000.0000000000 426.0000000000
14:34:49.265 1000.0000000000 1000.0000000000 0.0000000000 1566.9999999981 1000.0000000000 427.0000000000
14:34:49.296 1000.0000000000 1000.0000000000 0.0000000000 1563.9999999981 1000.0000000000 424.0000000000
14:34:49.328 1000.0000000000 1000.0000000000 0.0000000000 1563.9999999981 1000.0000000000 424.0000000000
14:34:49.359 1000.0000000000 1000.0000000000 0.0000000000 1562.9999999981 1000.0000000000 423.0000000000
14:34:49.390 1000.0000000000 1000.0000000000 0.0000000000 1562.9999999981 1000.0000000000 423.0000000000
14:34:49.421 1000.0000000000 1000.0000000000 0.0000000000 1562.9999999981 1000.0000000000 423.0000000000
14:34:49.453 1000.0000000000 1000.0000000000 0.0000000000 1562.9999999981 1000.0000000000 423.0000000000
14:34:49.484 1000.0000000000 1000.0000000000 0.0000000000 1560.9999999981 1000.0000000000 421.0000000000
14:34:49.515 1000.0000000000 1000.0000000000 0.0000000000 1562.9999999981 1000.0000000000 423.0000000000
14:34:49.546 1000.0000000000 1000.0000000000 0.0000000000 1563.9999999981 1000.0000000000 424.0000000000
14:34:49.578 1000.0000000000 1000.0000000000 0.0000000000 1563.9999999981 1000.0000000000 424.0000000000
14:34:49.609 1000.0000000000 1000.0000000000 0.0000000000 1563.9999999981 1000.0000000000 424.0000000000
14:34:49.640 1000.0000000000 1000.0000000000 0.0000000000 1563.9999999981 1000.0000000000 424.0000000000
14:34:49.671 1000.0000000000 1000.0000000000 0.0000000000 1560.9999999981 1000.0000000000 421.0000000000
14:34:49.703 1000.0000000000 1000.0000000000 0.0000000000 1562.9999999981 1000.0000000000 423.0000000000
14:34:49.734 1000.0000000000 1000.0000000000 0.0000000000 1560.9999999981 1000.0000000000 421.0000000000
14:34:49.765 1000.0000000000 1000.0000000000 0.0000000000 1560.9999999981 1000.0000000000 421.0000000000
14:34:49.796 1000.0000000000 1000.0000000000 0.0000000000 1560.9999999981 1000.0000000000 421.0000000000
14:34:49.828 1000.0000000000 1000.0000000000 0.0000000000 1564.9999999981 1000.0000000000 425.0000000000
14:34:49.859 1000.0000000000 1000.0000000000 0.0000000000 1561.9999999981 1000.0000000000 422.0000000000
14:34:49.890 1000.0000000000 1000.0000000000 0.0000000000 1564.9999999981 1000.0000000000 425.0000000000
14:34:49.921 1000.0000000000 1000.0000000000 0.0000000000 1561.9999999981 1000.0000000000 422.0000000000
14:34:49.953 1000.0000000000 1000.0000000000 0.0000000000 1561.9999999981 1000.0000000000 422.0000000000
14:34:49.984 1000.0000000000 1000.0000000000 0.0000000000 1561.9999999981 1000.0000000000 422.0000000000
14:34:50.015 1000.0000000000 1000.0000000000 0.0000000000 1561.9999999981 1000.0000000000 422.0000000000
14:34:50.046 1000.0000000000 1000.0000000000 0.0000000000 1559.9999999981 1000.0000000000 420.0000000000
14:34:50.078 1000.0000000000 1000.0000000000 0.0000000000 1561.9999999981 1000.0000000000 422.0000000000
14:34:50.109 1000.0000000000 1000.0000000000 0.0000000000 1562.9999999981 1000.0000000000 423.0000000000
14:34:50.140 1000.0000000000 1000.0000000000 0.0000000000 1562.9999999981 1000.0000000000 423.0000000000
14:34:50.171 1000.0000000000 1000.0000000000 0.0000000000 1564.9999999981 1000.0000000000 425.0000000000
14:34:50.203 1000.0000000000 1000.0000000000 0.0000000000 1564.9999999981 1000.0000000000 425.0000000000
14:34:50.234 1000.0000000000 1000.0000000000 0.0000000000 1564.9999999981 1000.0000000000 425.0000000000
14:34:50.265 1000.0000000000 1000.0000000000 0.0000000000 1564.9999999981 1000.0000000000 425.0000000000
14:34:50.296 1000.0000000000 1000.0000000000 0.0000000000 1564.9999999981 1000.0000000000 425.0000000000
14:34:50.328 1000.0000000000 1000.0000000000 0.0000000000 1564.9999999981 1000.0000000000 425.0000000000
14:34:50.359 1000.0000000000 1000.0000000000 0.0000000000 1564.9999999981 1000.0000000000 425.0000000000
14:34:50.390 1000.0000000000 1000.0000000000 0.0000000000 1563.9999999981 1000.0000000000 424.0000000000
14:34:50.421 1000.0000000000 1000.0000000000 0.0000000000 1561.9999999981 1000.0000000000 422.0000000000
14:34:50.453 1000.0000000000 1000.0000000000 0.0000000000 1562.9999999981 1000.0000000000 423.0000000000
14:34:50.484 1000.0000000000 1000.0000000000 0.0000000000 1563.9999999981 1000.0000000000 424.0000000000
14:34:50.515 1000.0000000000 1000.0000000000 0.0000000000 1563.9999999981 1000.0000000000 424.0000000000
14:34:50.546 1000.0000000000 1000.0000000000 0.0000000000 1563.9999999981 1000.0000000000 424.0000000000
14:34:50.578 1000.0000000000 1000.0000000000 0.0000000000 1563.9999999981 1000.0000000000 424.0000000000
14:34:50.609 1000.0000000000 1000.0000000000 0.0000000000 1563.9999999981 1000.0000000000 424.0000000000
14:34:50.640 1000.0000000000 1000.0000000000 0.0000000000 1563.9999999981 1000.0000000000 424.0000000000
14:34:50.671 1000.0000000000 1000.0000000000 0.0000000000 1564.9999999981 1000.0000000000 425.0000000000
14:34:50.703 1000.0000000000 1000.0000000000 0.0000000000 1563.9999999981 1000.0000000000 424.0000000000
14:34:50.734 1000.0000000000 1000.0000000000 0.0000000000 1564.9999999981 1000.0000000000 425.0000000000
14:34:50.765 1000.0000000000 1000.0000000000 0.0000000000 1563.9999999981 1000.0000000000 424.0000000000
14:34:50.796 1000.0000000000 1000.0000000000 0.0000000000 1563.9999999981 1000.0000000000 424.0000000000
14:34:50.828 1000.0000000000 1000.0000000000 0.0000000000 1563.9999999981 1000.0000000000 424.0000000000
14:34:50.859 1000.0000000000 1000.0000000000 0.0000000000 1565.9999999981 1000.0000000000 426.0000000000
14:34:50.890 1000.0000000000 1000.0000000000 0.0000000000 1563.9999999981 1000.0000000000 424.0000000000
14:34:50.921 1000.0000000000 1000.0000000000 0.0000000000 1564.9999999981 1000.0000000000 425.0000000000
14:34:50.953 1000.0000000000 1000.0000000000 0.0000000000 1563.9999999981 1000.0000000000 424.0000000000
14:34:50.984 1000.0000000000 1000.0000000000 0.0000000000 1562.9999999981 1000.0000000000 423.0000000000
14:34:51.015 1000.0000000000 1000.0000000000 0.0000000000 1562.9999999981 1000.0000000000 423.0000000000
14:34:51.046 1000.0000000000 1000.0000000000 0.0000000000 1562.9999999981 1000.0000000000 423.0000000000
14:34:51.078 1000.0000000000 1000.0000000000 0.0000000000 1558.9999999981 1000.0000000000 419.0000000000
14:34:51.109 1000.0000000000 1000.0000000000 0.0000000000 1562.9999999981 1000.0000000000 423.0000000000
14:34:51.140 1000.0000000000 1000.0000000000 0.0000000000 1560.9999999981 1000.0000000000 421.0000000000
14:34:51.171 1000.0000000000 1000.0000000000 0.0000000000 1560.9999999981 1000.0000000000 421.0000000000
14:34:51.203 1000.0000000000 1000.0000000000 0.0000000000 1560.9999999981 1000.0000000000 421.0000000000
14:34:51.234 1000.0000000000 1000.0000000000 0.0000000000 1563.9999999981 1000.0000000000 424.0000000000
14:34:51.265 1000.0000000000 1000.0000000000 0.0000000000 1563.9999999981 1000.0000000000 424.0000000000
14:34:51.296 1000.0000000000 1000.0000000000 0.0000000000 1563.9999999981 1000.0000000000 424.0000000000
14:34:51.328 1000.0000000000 1000.0000000000 0.0000000000 1564.9999999981 1000.0000000000 425.0000000000
14:34:51.359 1000.0000000000 1000.0000000000 0.0000000000 1563.9999999981 1000.0000000000 424.0000000000
14:34:51.390 1000.0000000000 1000.0000000000 0.0000000000 1564.9999999981 1000.0000000000 425.0000000000
14:34:51.421 1000.0000000000 1000.0000000000 0.0000000000 1563.9999999981 1000.0000000000 424.0000000000
14:34:51.453 1000.0000000000 1000.0000000000 0.0000000000 1561.9999999981 1000.0000000000 422.0000000000
14:34:51.484 1000.0000000000 1000.0000000000 0.0000000000 1562.9999999981 1000.0000000000 423.0000000000
14:34:51.515 1000.0000000000 1000.0000000000 0.0000000000 1561.9999999981 1000.0000000000 422.0000000000
14:34:51.546 1000.0000000000 1000.0000000000 0.0000000000 1561.9999999981 1000.0000000000 422.0000000000
14:34:51.578 1000.0000000000 1000.0000000000 0.0000000000 1561.9999999981 1000.0000000000 422.0000000000
14:34:51.609 1000.0000000000 1000.0000000000 0.0000000000 1561.9999999981 1000.0000000000 422.0000000000
14:34:51.640 1000.0000000000 1000.0000000000 0.0000000000 1559.9999999981 1000.0000000000 420.0000000000
14:34:51.671 1000.0000000000 1000.0000000000 0.0000000000 1559.9999999981 1000.0000000000 420.0000000000
14:34:51.703 1000.0000000000 1000.0000000000 0.0000000000 1560.9999999981 1000.0000000000 421.0000000000
14:34:51.734 1000.0000000000 1000.0000000000 0.0000000000 1560.9999999981 1000.0000000000 421.0000000000
14:34:51.765 1000.0000000000 1000.0000000000 0.0000000000 1561.9999999981 1000.0000000000 422.0000000000
14:34:51.796 1000.0000000000 1000.0000000000 0.0000000000 1562.9999999981 1000.0000000000 423.0000000000
14:34:51.828 1000.0000000000 1000.0000000000 0.0000000000 1562.9999999981 1000.0000000000 423.0000000000
14:34:51.859 1000.0000000000 1000.0000000000 0.0000000000 1562.9999999981 1000.0000000000 423.0000000000
14:34:51.890 1000.0000000000 1000.0000000000 0.0000000000 1562.9999999981 1000.0000000000 423.0000000000
14:34:51.921 1000.0000000000 1000.0000000000 0.0000000000 1562.9999999981 1000.0000000000 423.0000000000
14:34:51.953 1000.0000000000 1000.0000000000 0.0000000000 1562.9999999981 1000.0000000000 423.0000000000
14:34:51.984 1000.0000000000 1000.0000000000 0.0000000000 1562.9999999981 1000.0000000000 423.0000000000
14:34:52.015 1000.0000000000 1000.0000000000 0.0000000000 1562.9999999981 1000.0000000000 423.0000000000
14:34:52.046 1000.0000000000 1000.0000000000 0.0000000000 1562.9999999981 1000.0000000000 423.0000000000
14:34:52.078 1000.0000000000 1000.0000000000 0.0000000000 1562.9999999981 1000.0000000000 423.0000000000
14:34:52.109 1000.0000000000 1000.0000000000 0.0000000000 1562.9999999981 1000.0000000000 423.0000000000
14:34:52.140 1000.0000000000 1000.0000000000 0.0000000000 1562.9999999981 1000.0000000000 423.0000000000
14:34:52.171 1000.0000000000 1000.0000000000 0.0000000000 1562.9999999981 1000.0000000000 423.0000000000
14:34:52.203 1000.0000000000 1000.0000000000 0.0000000000 1560.9999999981 1000.0000000000 421.0000000000
14:34:52.234 1000.0000000000 1000.0000000000 0.0000000000 1560.9999999981 1000.0000000000 421.0000000000
14:34:52.265 1000.0000000000 1000.0000000000 0.0000000000 1560.9999999981 1000.0000000000 421.0000000000
14:34:52.296 1000.0000000000 1000.0000000000 0.0000000000 1558.9999999981 1000.0000000000 419.0000000000
14:34:52.328 1000.0000000000 1000.0000000000 0.0000000000 1560.9999999981 1000.0000000000 421.0000000000
14:34:52.359 1000.0000000000 1000.0000000000 0.0000000000 1562.9999999981 1000.0000000000 423.0000000000
14:34:52.390 1000.0000000000 1000.0000000000 0.0000000000 1562.9999999981 1000.0000000000 423.0000000000
14:34:52.421 1000.0000000000 1000.0000000000 0.0000000000 1562.9999999981 1000.0000000000 423.0000000000
14:34:52.453 1000.0000000000 1000.0000000000 0.0000000000 1563.9999999981 1000.0000000000 424.0000000000
14:34:52.484 1000.0000000000 1000.0000000000 0.0000000000 1562.9999999981 1000.0000000000 423.0000000000
14:34:52.515 1000.0000000000 1000.0000000000 0.0000000000 1562.9999999981 1000.0000000000 423.0000000000
14:34:52.546 1000.0000000000 1000.0000000000 0.0000000000 1563.9999999981 1000.0000000000 424.0000000000
14:34:52.578 1000.0000000000 1000.0000000000 0.0000000000 1563.9999999981 1000.0000000000 424.0000000000
14:34:52.609 1000.0000000000 1000.0000000000 0.0000000000 1563.9999999981 1000.0000000000 424.0000000000
14:34:52.640 1000.0000000000 1000.0000000000 0.0000000000 1563.9999999981 1000.0000000000 424.0000000000
14:34:52.671 1000.0000000000 1000.0000000000 0.0000000000 1563.9999999981 1000.0000000000 424.0000000000
14:34:52.703 1000.0000000000 1000.0000000000 0.0000000000 1566.9999999981 1000.0000000000 427.0000000000
14:34:52.734 1000.0000000000 1000.0000000000 0.0000000000 1564.9999999981 1000.0000000000 425.0000000000
14:34:52.765 1000.0000000000 1000.0000000000 0.0000000000 1563.9999999981 1000.0000000000 424.0000000000
14:34:52.796 1000.0000000000 1000.0000000000 0.0000000000 1564.9999999981 1000.0000000000 425.0000000000
14:34:52.828 1000.0000000000 1000.0000000000 0.0000000000 1564.9999999981 1000.0000000000 425.0000000000
14:34:52.859 1000.0000000000 1000.0000000000 0.0000000000 1564.9999999981 1000.0000000000 425.0000000000
14:34:52.890 1000.0000000000 1000.0000000000 0.0000000000 1564.9999999981 1000.0000000000 425.0000000000
14:34:52.921 1000.0000000000 1000.0000000000 0.0000000000 1564.9999999981 1000.0000000000 425.0000000000
14:34:52.953 1000.0000000000 1000.0000000000 0.0000000000 1562.9999999981 1000.0000000000 423.0000000000
14:34:52.984 1000.0000000000 1000.0000000000 0.0000000000 1562.9999999981 1000.0000000000 423.0000000000
14:34:53.015 1000.0000000000 1000.0000000000 0.0000000000 1562.9999999981 1000.0000000000 423.0000000000
14:34:53.046 1000.0000000000 1000.0000000000 0.0000000000 1562.9999999981 1000.0000000000 423.0000000000
14:34:53.078 1000.0000000000 1000.0000000000 0.0000000000 1562.9999999981 1000.0000000000 423.0000000000
14:34:53.109 1000.0000000000 1000.0000000000 0.0000000000 1564.9999999981 1000.0000000000 425.0000000000
14:34:53.140 1000.0000000000 1000.0000000000 0.0000000000 1564.9999999981 1000.0000000000 425.0000000000
14:34:53.171 1000.0000000000 1000.0000000000 0.0000000000 1564.9999999981 1000.0000000000 425.0000000000
14:34:53.203 1000.0000000000 1000.0000000000 0.0000000000 1564.9999999981 1000.0000000000 425.0000000000
14:34:53.234 1000.0000000000 1000.0000000000 0.0000000000 1564.9999999981 1000.0000000000 425.0000000000
14:34:53.265 1000.0000000000 1000.0000000000 0.0000000000 1564.9999999981 1000.0000000000 425.0000000000
14:34:53.296 1000.0000000000 1000.0000000000 0.0000000000 1564.9999999981 1000.0000000000 425.0000000000
14:34:53.328 1000.0000000000 1000.0000000000 0.0000000000 1563.9999999981 1000.0000000000 424.0000000000
14:34:53.359 1000.0000000000 1000.0000000000 0.0000000000 1563.9999999981 1000.0000000000 424.0000000000
14:34:53.390 1000.0000000000 1000.0000000000 0.0000000000 1563.9999999981 1000.0000000000 424.0000000000
14:34:53.421 1000.0000000000 1000.0000000000 0.0000000000 1563.9999999981 1000.0000000000 424.0000000000
14:34:53.453 1000.0000000000 1000.0000000000 0.0000000000 1563.9999999981 1000.0000000000 424.0000000000
14:34:53.484 1000.0000000000 1000.0000000000 0.0000000000 1564.9999999981 1000.0000000000 425.0000000000
14:34:53.515 1000.0000000000 1000.0000000000 0.0000000000 1563.9999999981 1000.0000000000 424.0000000000
14:34:53.546 1000.0000000000 1000.0000000000 0.0000000000 1564.9999999981 1000.0000000000 425.0000000000
14:34:53.578 1000.0000000000 1000.0000000000 0.0000000000 1563.9999999981 1000.0000000000 424.0000000000
14:34:53.609 1000.0000000000 1000.0000000000 0.0000000000 1563.9999999981 1000.0000000000 424.0000000000
14:34:53.640 1000.0000000000 1000.0000000000 0.0000000000 1563.9999999981 1000.0000000000 424.0000000000
14:34:53.671 1000.0000000000 1000.0000000000 0.0000000000 1564.9999999981 1000.0000000000 425.0000000000
14:34:53.703 1000.0000000000 1000.0000000000 0.0000000000 1562.9999999981 1000.0000000000 423.0000000000
14:34:53.734 1000.0000000000 1000.0000000000 0.0000000000 1562.9999999981 1000.0000000000 423.0000000000
14:34:53.765 1000.0000000000 1000.0000000000 0.0000000000 1562.9999999981 1000.0000000000 423.0000000000
14:34:53.796 1000.0000000000 1000.0000000000 0.0000000000 1562.9999999981 1000.0000000000 423.0000000000
14:34:53.828 1000.0000000000 1000.0000000000 0.0000000000 1562.9999999981 1000.0000000000 423.0000000000
14:34:53.859 1000.0000000000 1000.0000000000 0.0000000000 1561.9999999981 1000.0000000000 422.0000000000
14:34:53.890 1000.0000000000 1000.0000000000 0.0000000000 1561.9999999981 1000.0000000000 422.0000000000
14:34:53.921 1000.0000000000 1000.0000000000 0.0000000000 1561.9999999981 1000.0000000000 422.0000000000
14:34:53.953 1000.0000000000 1000.0000000000 0.0000000000 1564.9999999981 1000.0000000000 425.0000000000
14:34:53.984 1000.0000000000 1000.0000000000 0.0000000000 1564.9999999981 1000.0000000000 425.0000000000
14:34:54.015 1000.0000000000 1000.0000000000 0.0000000000 1565.9999999981 1000.0000000000 426.0000000000
14:34:54.046 1000.0000000000 1000.0000000000 0.0000000000 1564.9999999981 1000.0000000000 425.0000000000
14:34:54.078 1000.0000000000 1000.0000000000 0.0000000000 1564.9999999981 1000.0000000000 425.0000000000
14:34:54.109 1000.0000000000 1000.0000000000 0.0000000000 1566.9999999981 1000.0000000000 427.0000000000
14:34:54.140 1000.0000000000 1000.0000000000 0.0000000000 1564.9999999981 1000.0000000000 425.0000000000
14:34:54.171 1000.0000000000 1000.0000000000 0.0000000000 1562.9999999981 1000.0000000000 423.0000000000
14:34:54.203 1000.0000000000 1000.0000000000 0.0000000000 1564.9999999981 1000.0000000000 425.0000000000
14:34:54.234 1000.0000000000 1000.0000000000 0.0000000000 1563.9999999981 1000.0000000000 424.0000000000
14:34:54.265 1000.0000000000 1000.0000000000 0.0000000000 1563.9999999981 1000.0000000000 424.0000000000
14:34:54.296 1000.0000000000 1000.0000000000 0.0000000000 1563.9999999981 1000.0000000000 424.0000000000
