Тестовая информация 0. Исходные сенсорные данные: Time, X_rob, Y_rob, Ang_rob, X_obj, Y_obj, Distance (мм, град)
14:35:42.390 1000.0000000000 1000.0000000000 0.0000000000 1608.9999999981 1000.0000000000 469.0000000000
14:35:42.421 1000.0000000000 1000.0000000000 0.0000000000 1610.9999999981 1000.0000000000 471.0000000000
14:35:42.453 1000.0000000000 1000.0000000000 0.0000000000 1608.9999999981 1000.0000000000 469.0000000000
14:35:42.484 1000.0000000000 1000.0000000000 0.0000000000 1609.9999999981 1000.0000000000 470.0000000000
14:35:42.515 1000.0000000000 1000.0000000000 0.0000000000 1609.9999999981 1000.0000000000 470.0000000000
14:35:42.546 1000.0000000000 1000.0000000000 0.0000000000 1609.9999999981 1000.0000000000 470.0000000000
14:35:42.578 1000.0000000000 1000.0000000000 0.0000000000 1609.9999999981 1000.0000000000 470.0000000000
14:35:42.609 1000.0000000000 1000.0000000000 0.0000000000 1609.9999999981 1000.0000000000 470.0000000000
14:35:42.640 1000.0000000000 1000.0000000000 0.0000000000 1607.9999999981 1000.0000000000 468.0000000000
14:35:42.671 1000.0000000000 1000.0000000000 0.0000000000 1609.9999999981 1000.0000000000 470.0000000000
14:35:42.703 1000.0000000000 1000.0000000000 0.0000000000 1607.9999999981 1000.0000000000 468.0000000000
14:35:42.734 1000.0000000000 1000.0000000000 0.0000000000 1607.9999999981 1000.0000000000 468.0000000000
14:35:42.765 1000.0000000000 1000.0000000000 0.0000000000 1607.9999999981 1000.0000000000 468.0000000000
14:35:42.796 1000.0000000000 1000.0000000000 0.0000000000 1608.9999999981 1000.0000000000 469.0000000000
14:35:42.828 1000.0000000000 1000.0000000000 0.0000000000 1607.9999999981 1000.0000000000 468.0000000000
14:35:42.859 1000.0000000000 1000.0000000000 0.0000000000 1608.9999999981 1000.0000000000 469.0000000000
14:35:42.890 1000.0000000000 1000.0000000000 0.0000000000 1607.9999999981 1000.0000000000 468.0000000000
14:35:42.921 1000.0000000000 1000.0000000000 0.0000000000 1607.9999999981 1000.0000000000 468.0000000000
14:35:42.953 1000.0000000000 1000.0000000000 0.0000000000 1608.9999999981 1000.0000000000 469.0000000000
14:35:42.984 1000.0000000000 1000.0000000000 0.0000000000 1609.9999999981 1000.0000000000 470.0000000000
14:35:43.015 1000.0000000000 1000.0000000000 0.0000000000 1607.9999999981 1000.0000000000 468.0000000000
14:35:43.046 1000.0000000000 1000.0000000000 0.0000000000 1608.9999999981 1000.0000000000 469.0000000000
14:35:43.078 1000.0000000000 1000.0000000000 0.0000000000 1607.9999999981 1000.0000000000 468.0000000000
14:35:43.109 1000.0000000000 1000.0000000000 0.0000000000 1607.9999999981 1000.0000000000 468.0000000000
14:35:43.140 1000.0000000000 1000.0000000000 0.0000000000 1607.9999999981 1000.0000000000 468.0000000000
14:35:43.171 1000.0000000000 1000.0000000000 0.0000000000 1608.9999999981 1000.0000000000 469.0000000000
14:35:43.203 1000.0000000000 1000.0000000000 0.0000000000 1604.9999999981 1000.0000000000 465.0000000000
14:35:43.234 1000.0000000000 1000.0000000000 0.0000000000 1607.9999999981 1000.0000000000 468.0000000000
14:35:43.265 1000.0000000000 1000.0000000000 0.0000000000 1608.9999999981 1000.0000000000 469.0000000000
14:35:43.296 1000.0000000000 1000.0000000000 0.0000000000 1608.9999999981 1000.0000000000 469.0000000000
14:35:43.328 1000.0000000000 1000.0000000000 0.0000000000 1608.9999999981 1000.0000000000 469.0000000000
14:35:43.359 1000.0000000000 1000.0000000000 0.0000000000 1606.9999999981 1000.0000000000 467.0000000000
14:35:43.390 1000.0000000000 1000.0000000000 0.0000000000 1606.9999999981 1000.0000000000 467.0000000000
14:35:43.421 1000.0000000000 1000.0000000000 0.0000000000 1608.9999999981 1000.0000000000 469.0000000000
14:35:43.453 1000.0000000000 1000.0000000000 0.0000000000 1609.9999999981 1000.0000000000 470.0000000000
14:35:43.484 1000.0000000000 1000.0000000000 0.0000000000 1607.9999999981 1000.0000000000 468.0000000000
14:35:43.515 1000.0000000000 1000.0000000000 0.0000000000 1609.9999999981 1000.0000000000 470.0000000000
14:35:43.546 1000.0000000000 1000.0000000000 0.0000000000 1607.9999999981 1000.0000000000 468.0000000000
14:35:43.578 1000.0000000000 1000.0000000000 0.0000000000 1607.9999999981 1000.0000000000 468.0000000000
14:35:43.609 1000.0000000000 1000.0000000000 0.0000000000 1608.9999999981 1000.0000000000 469.0000000000
14:35:43.640 1000.0000000000 1000.0000000000 0.0000000000 1608.9999999981 1000.0000000000 469.0000000000
14:35:43.671 1000.0000000000 1000.0000000000 0.0000000000 1607.9999999981 1000.0000000000 468.0000000000
14:35:43.703 1000.0000000000 1000.0000000000 0.0000000000 1608.9999999981 1000.0000000000 469.0000000000
14:35:43.734 1000.0000000000 1000.0000000000 0.0000000000 1607.9999999981 1000.0000000000 468.0000000000
14:35:43.765 1000.0000000000 1000.0000000000 0.0000000000 1607.9999999981 1000.0000000000 468.0000000000
14:35:43.796 1000.0000000000 1000.0000000000 0.0000000000 1607.9999999981 1000.0000000000 468.0000000000
14:35:43.828 1000.0000000000 1000.0000000000 0.0000000000 1609.9999999981 1000.0000000000 470.0000000000
14:35:43.859 1000.0000000000 1000.0000000000 0.0000000000 1606.9999999981 1000.0000000000 467.0000000000
14:35:43.890 1000.0000000000 1000.0000000000 0.0000000000 1608.9999999981 1000.0000000000 469.0000000000
14:35:43.921 1000.0000000000 1000.0000000000 0.0000000000 1606.9999999981 1000.0000000000 467.0000000000
14:35:43.953 1000.0000000000 1000.0000000000 0.0000000000 1606.9999999981 1000.0000000000 467.0000000000
14:35:43.984 1000.0000000000 1000.0000000000 0.0000000000 1606.9999999981 1000.0000000000 467.0000000000
14:35:44.015 1000.0000000000 1000.0000000000 0.0000000000 1607.9999999981 1000.0000000000 468.0000000000
14:35:44.046 1000.0000000000 1000.0000000000 0.0000000000 1607.9999999981 1000.0000000000 468.0000000000
14:35:44.078 1000.0000000000 1000.0000000000 0.0000000000 1607.9999999981 1000.0000000000 468.0000000000
14:35:44.109 1000.0000000000 1000.0000000000 0.0000000000 1607.9999999981 1000.0000000000 468.0000000000
14:35:44.140 1000.0000000000 1000.0000000000 0.0000000000 1607.9999999981 1000.0000000000 468.0000000000
14:35:44.171 1000.0000000000 1000.0000000000 0.0000000000 1607.9999999981 1000.0000000000 468.0000000000
14:35:44.203 1000.0000000000 1000.0000000000 0.0000000000 1609.9999999981 1000.0000000000 470.0000000000
14:35:44.234 1000.0000000000 1000.0000000000 0.0000000000 1609.9999999981 1000.0000000000 470.0000000000
14:35:44.265 1000.0000000000 1000.0000000000 0.0000000000 1609.9999999981 1000.0000000000 470.0000000000
14:35:44.296 1000.0000000000 1000.0000000000 0.0000000000 1610.9999999981 1000.0000000000 471.0000000000
14:35:44.328 1000.0000000000 1000.0000000000 0.0000000000 1609.9999999981 1000.0000000000 470.0000000000
14:35:44.359 1000.0000000000 1000.0000000000 0.0000000000 1610.9999999981 1000.0000000000 471.0000000000
14:35:44.390 1000.0000000000 1000.0000000000 0.0000000000 1610.9999999981 1000.0000000000 471.0000000000
14:35:44.421 1000.0000000000 1000.0000000000 0.0000000000 1609.9999999981 1000.0000000000 470.0000000000
14:35:44.453 1000.0000000000 1000.0000000000 0.0000000000 1609.9999999981 1000.0000000000 470.0000000000
14:35:44.484 1000.0000000000 1000.0000000000 0.0000000000 1609.9999999981 1000.0000000000 470.0000000000
14:35:44.515 1000.0000000000 1000.0000000000 0.0000000000 1607.9999999981 1000.0000000000 468.0000000000
14:35:44.546 1000.0000000000 1000.0000000000 0.0000000000 1609.9999999981 1000.0000000000 470.0000000000
14:35:44.578 1000.0000000000 1000.0000000000 0.0000000000 1608.9999999981 1000.0000000000 469.0000000000
14:35:44.609 1000.0000000000 1000.0000000000 0.0000000000 1607.9999999981 1000.0000000000 468.0000000000
14:35:44.640 1000.0000000000 1000.0000000000 0.0000000000 1607.9999999981 1000.0000000000 468.0000000000
14:35:44.671 1000.0000000000 1000.0000000000 0.0000000000 1608.9999999981 1000.0000000000 469.0000000000
14:35:44.703 1000.0000000000 1000.0000000000 0.0000000000 1608.9999999981 1000.0000000000 469.0000000000
14:35:44.734 1000.0000000000 1000.0000000000 0.0000000000 1610.9999999981 1000.0000000000 471.0000000000
14:35:44.765 1000.0000000000 1000.0000000000 0.0000000000 1608.9999999981 1000.0000000000 469.0000000000
14:35:44.796 1000.0000000000 1000.0000000000 0.0000000000 1606.9999999981 1000.0000000000 467.0000000000
14:35:44.828 1000.0000000000 1000.0000000000 0.0000000000 1606.9999999981 1000.0000000000 467.0000000000
14:35:44.859 1000.0000000000 1000.0000000000 0.0000000000 1608.9999999981 1000.0000000000 469.0000000000
14:35:44.890 1000.0000000000 1000.0000000000 0.0000000000 1607.9999999981 1000.0000000000 468.0000000000
14:35:44.921 1000.0000000000 1000.0000000000 0.0000000000 1608.9999999981 1000.0000000000 469.0000000000
14:35:44.953 1000.0000000000 1000.0000000000 0.0000000000 1607.9999999981 1000.0000000000 468.0000000000
14:35:44.984 1000.0000000000 1000.0000000000 0.0000000000 1607.9999999981 1000.0000000000 468.0000000000
14:35:45.015 1000.0000000000 1000.0000000000 0.0000000000 1608.9999999981 1000.0000000000 469.0000000000
14:35:45.046 1000.0000000000 1000.0000000000 0.0000000000 1609.9999999981 1000.0000000000 470.0000000000
14:35:45.078 1000.0000000000 1000.0000000000 0.0000000000 1607.9999999981 1000.0000000000 468.0000000000
14:35:45.109 1000.0000000000 1000.0000000000 0.0000000000 1608.9999999981 1000.0000000000 469.0000000000
14:35:45.140 1000.0000000000 1000.0000000000 0.0000000000 1607.9999999981 1000.0000000000 468.0000000000
14:35:45.171 1000.0000000000 1000.0000000000 0.0000000000 1607.9999999981 1000.0000000000 468.0000000000
14:35:45.203 1000.0000000000 1000.0000000000 0.0000000000 1607.9999999981 1000.0000000000 468.0000000000
14:35:45.234 1000.0000000000 1000.0000000000 0.0000000000 1608.9999999981 1000.0000000000 469.0000000000
14:35:45.265 1000.0000000000 1000.0000000000 0.0000000000 1607.9999999981 1000.0000000000 468.0000000000
14:35:45.296 1000.0000000000 1000.0000000000 0.0000000000 1608.9999999981 1000.0000000000 469.0000000000
14:35:45.328 1000.0000000000 1000.0000000000 0.0000000000 1608.9999999981 1000.0000000000 469.0000000000
14:35:45.359 1000.0000000000 1000.0000000000 0.0000000000 1608.9999999981 1000.0000000000 469.0000000000
14:35:45.390 1000.0000000000 1000.0000000000 0.0000000000 1609.9999999981 1000.0000000000 470.0000000000
14:35:45.421 1000.0000000000 1000.0000000000 0.0000000000 1608.9999999981 1000.0000000000 469.0000000000
14:35:45.453 1000.0000000000 1000.0000000000 0.0000000000 1608.9999999981 1000.0000000000 469.0000000000
14:35:45.484 1000.0000000000 1000.0000000000 0.0000000000 1609.9999999981 1000.0000000000 470.0000000000
14:35:45.515 1000.0000000000 1000.0000000000 0.0000000000 1610.9999999981 1000.0000000000 471.0000000000
14:35:45.546 1000.0000000000 1000.0000000000 0.0000000000 1608.9999999981 1000.0000000000 469.0000000000
14:35:45.578 1000.0000000000 1000.0000000000 0.0000000000 1608.9999999981 1000.0000000000 469.0000000000
14:35:45.609 1000.0000000000 1000.0000000000 0.0000000000 1606.9999999981 1000.0000000000 467.0000000000
14:35:45.640 1000.0000000000 1000.0000000000 0.0000000000 1606.9999999981 1000.0000000000 467.0000000000
14:35:45.671 1000.0000000000 1000.0000000000 0.0000000000 1606.9999999981 1000.0000000000 467.0000000000
14:35:45.703 1000.0000000000 1000.0000000000 0.0000000000 1609.9999999981 1000.0000000000 470.0000000000
14:35:45.734 1000.0000000000 1000.0000000000 0.0000000000 1606.9999999981 1000.0000000000 467.0000000000
14:35:45.765 1000.0000000000 1000.0000000000 0.0000000000 1609.9999999981 1000.0000000000 470.0000000000
14:35:45.796 1000.0000000000 1000.0000000000 0.0000000000 1607.9999999981 1000.0000000000 468.0000000000
14:35:45.828 1000.0000000000 1000.0000000000 0.0000000000 1607.9999999981 1000.0000000000 468.0000000000
14:35:45.859 1000.0000000000 1000.0000000000 0.0000000000 1608.9999999981 1000.0000000000 469.0000000000
14:35:45.890 1000.0000000000 1000.0000000000 0.0000000000 1610.9999999981 1000.0000000000 471.0000000000
14:35:45.921 1000.0000000000 1000.0000000000 0.0000000000 1607.9999999981 1000.0000000000 468.0000000000
14:35:45.953 1000.0000000000 1000.0000000000 0.0000000000 1609.9999999981 1000.0000000000 470.0000000000
14:35:45.984 1000.0000000000 1000.0000000000 0.0000000000 1609.9999999981 1000.0000000000 470.0000000000
14:35:46.015 1000.0000000000 1000.0000000000 0.0000000000 1609.9999999981 1000.0000000000 470.0000000000
14:35:46.046 1000.0000000000 1000.0000000000 0.0000000000 1609.9999999981 1000.0000000000 470.0000000000
14:35:46.078 1000.0000000000 1000.0000000000 0.0000000000 1608.9999999981 1000.0000000000 469.0000000000
14:35:46.109 1000.0000000000 1000.0000000000 0.0000000000 1607.9999999981 1000.0000000000 468.0000000000
14:35:46.140 1000.0000000000 1000.0000000000 0.0000000000 1608.9999999981 1000.0000000000 469.0000000000
14:35:46.171 1000.0000000000 1000.0000000000 0.0000000000 1607.9999999981 1000.0000000000 468.0000000000
14:35:46.203 1000.0000000000 1000.0000000000 0.0000000000 1607.9999999981 1000.0000000000 468.0000000000
14:35:46.234 1000.0000000000 1000.0000000000 0.0000000000 1607.9999999981 1000.0000000000 468.0000000000
14:35:46.265 1000.0000000000 1000.0000000000 0.0000000000 1608.9999999981 1000.0000000000 469.0000000000
14:35:46.296 1000.0000000000 1000.0000000000 0.0000000000 1608.9999999981 1000.0000000000 469.0000000000
14:35:46.328 1000.0000000000 1000.0000000000 0.0000000000 1609.9999999981 1000.0000000000 470.0000000000
14:35:46.359 1000.0000000000 1000.0000000000 0.0000000000 1608.9999999981 1000.0000000000 469.0000000000
14:35:46.390 1000.0000000000 1000.0000000000 0.0000000000 1608.9999999981 1000.0000000000 469.0000000000
14:35:46.421 1000.0000000000 1000.0000000000 0.0000000000 1608.9999999981 1000.0000000000 469.0000000000
14:35:46.453 1000.0000000000 1000.0000000000 0.0000000000 1609.9999999981 1000.0000000000 470.0000000000
14:35:46.484 1000.0000000000 1000.0000000000 0.0000000000 1609.9999999981 1000.0000000000 470.0000000000
14:35:46.515 1000.0000000000 1000.0000000000 0.0000000000 1609.9999999981 1000.0000000000 470.0000000000
14:35:46.546 1000.0000000000 1000.0000000000 0.0000000000 1609.9999999981 1000.0000000000 470.0000000000
14:35:46.578 1000.0000000000 1000.0000000000 0.0000000000 1607.9999999981 1000.0000000000 468.0000000000
14:35:46.609 1000.0000000000 1000.0000000000 0.0000000000 1608.9999999981 1000.0000000000 469.0000000000
14:35:46.640 1000.0000000000 1000.0000000000 0.0000000000 1609.9999999981 1000.0000000000 470.0000000000
14:35:46.671 1000.0000000000 1000.0000000000 0.0000000000 1607.9999999981 1000.0000000000 468.0000000000
14:35:46.703 1000.0000000000 1000.0000000000 0.0000000000 1607.9999999981 1000.0000000000 468.0000000000
14:35:46.734 1000.0000000000 1000.0000000000 0.0000000000 1609.9999999981 1000.0000000000 470.0000000000
14:35:46.765 1000.0000000000 1000.0000000000 0.0000000000 1606.9999999981 1000.0000000000 467.0000000000
14:35:46.796 1000.0000000000 1000.0000000000 0.0000000000 1609.9999999981 1000.0000000000 470.0000000000
14:35:46.828 1000.0000000000 1000.0000000000 0.0000000000 1606.9999999981 1000.0000000000 467.0000000000
14:35:46.859 1000.0000000000 1000.0000000000 0.0000000000 1606.9999999981 1000.0000000000 467.0000000000
14:35:46.890 1000.0000000000 1000.0000000000 0.0000000000 1606.9999999981 1000.0000000000 467.0000000000
14:35:46.921 1000.0000000000 1000.0000000000 0.0000000000 1608.9999999981 1000.0000000000 469.0000000000
14:35:46.953 1000.0000000000 1000.0000000000 0.0000000000 1608.9999999981 1000.0000000000 469.0000000000
14:35:46.984 1000.0000000000 1000.0000000000 0.0000000000 1609.9999999981 1000.0000000000 470.0000000000
14:35:47.015 1000.0000000000 1000.0000000000 0.0000000000 1608.9999999981 1000.0000000000 469.0000000000
14:35:47.046 1000.0000000000 1000.0000000000 0.0000000000 1608.9999999981 1000.0000000000 469.0000000000
14:35:47.078 1000.0000000000 1000.0000000000 0.0000000000 1608.9999999981 1000.0000000000 469.0000000000
14:35:47.109 1000.0000000000 1000.0000000000 0.0000000000 1610.9999999981 1000.0000000000 471.0000000000
14:35:47.140 1000.0000000000 1000.0000000000 0.0000000000 1608.9999999981 1000.0000000000 469.0000000000
14:35:47.171 1000.0000000000 1000.0000000000 0.0000000000 1608.9999999981 1000.0000000000 469.0000000000
14:35:47.203 1000.0000000000 1000.0000000000 0.0000000000 1608.9999999981 1000.0000000000 469.0000000000
14:35:47.234 1000.0000000000 1000.0000000000 0.0000000000 1608.9999999981 1000.0000000000 469.0000000000
14:35:47.265 1000.0000000000 1000.0000000000 0.0000000000 1608.9999999981 1000.0000000000 469.0000000000
14:35:47.296 1000.0000000000 1000.0000000000 0.0000000000 1609.9999999981 1000.0000000000 470.0000000000
14:35:47.328 1000.0000000000 1000.0000000000 0.0000000000 1608.9999999981 1000.0000000000 469.0000000000
14:35:47.359 1000.0000000000 1000.0000000000 0.0000000000 1608.9999999981 1000.0000000000 469.0000000000
14:35:47.390 1000.0000000000 1000.0000000000 0.0000000000 1608.9999999981 1000.0000000000 469.0000000000
14:35:47.421 1000.0000000000 1000.0000000000 0.0000000000 1608.9999999981 1000.0000000000 469.0000000000
14:35:47.453 1000.0000000000 1000.0000000000 0.0000000000 1608.9999999981 1000.0000000000 469.0000000000
14:35:47.484 1000.0000000000 1000.0000000000 0.0000000000 1607.9999999981 1000.0000000000 468.0000000000
14:35:47.515 1000.0000000000 1000.0000000000 0.0000000000 1606.9999999981 1000.0000000000 467.0000000000
14:35:47.546 1000.0000000000 1000.0000000000 0.0000000000 1607.9999999981 1000.0000000000 468.0000000000
14:35:47.578 1000.0000000000 1000.0000000000 0.0000000000 1606.9999999981 1000.0000000000 467.0000000000
14:35:47.609 1000.0000000000 1000.0000000000 0.0000000000 1606.9999999981 1000.0000000000 467.0000000000
14:35:47.640 1000.0000000000 1000.0000000000 0.0000000000 1606.9999999981 1000.0000000000 467.0000000000
14:35:47.671 1000.0000000000 1000.0000000000 0.0000000000 1607.9999999981 1000.0000000000 468.0000000000
14:35:47.703 1000.0000000000 1000.0000000000 0.0000000000 1607.9999999981 1000.0000000000 468.0000000000
14:35:47.734 1000.0000000000 1000.0000000000 0.0000000000 1609.9999999981 1000.0000000000 470.0000000000
14:35:47.765 1000.0000000000 1000.0000000000 0.0000000000 1609.9999999981 1000.0000000000 470.0000000000
14:35:47.796 1000.0000000000 1000.0000000000 0.0000000000 1607.9999999981 1000.0000000000 468.0000000000
14:35:47.828 1000.0000000000 1000.0000000000 0.0000000000 1607.9999999981 1000.0000000000 468.0000000000
14:35:47.859 1000.0000000000 1000.0000000000 0.0000000000 1607.9999999981 1000.0000000000 468.0000000000
14:35:47.890 1000.0000000000 1000.0000000000 0.0000000000 1607.9999999981 1000.0000000000 468.0000000000
14:35:47.921 1000.0000000000 1000.0000000000 0.0000000000 1607.9999999981 1000.0000000000 468.0000000000
14:35:47.953 1000.0000000000 1000.0000000000 0.0000000000 1608.9999999981 1000.0000000000 469.0000000000
14:35:47.984 1000.0000000000 1000.0000000000 0.0000000000 1607.9999999981 1000.0000000000 468.0000000000
14:35:48.015 1000.0000000000 1000.0000000000 0.0000000000 1607.9999999981 1000.0000000000 468.0000000000
14:35:48.046 1000.0000000000 1000.0000000000 0.0000000000 1608.9999999981 1000.0000000000 469.0000000000
14:35:48.078 1000.0000000000 1000.0000000000 0.0000000000 1608.9999999981 1000.0000000000 469.0000000000
14:35:48.109 1000.0000000000 1000.0000000000 0.0000000000 1608.9999999981 1000.0000000000 469.0000000000
14:35:48.140 1000.0000000000 1000.0000000000 0.0000000000 1605.9999999981 1000.0000000000 466.0000000000
14:35:48.171 1000.0000000000 1000.0000000000 0.0000000000 1604.9999999981 1000.0000000000 465.0000000000
14:35:48.203 1000.0000000000 1000.0000000000 0.0000000000 1605.9999999981 1000.0000000000 466.0000000000
14:35:48.234 1000.0000000000 1000.0000000000 0.0000000000 1607.9999999981 1000.0000000000 468.0000000000
14:35:48.265 1000.0000000000 1000.0000000000 0.0000000000 1607.9999999981 1000.0000000000 468.0000000000
14:35:48.296 1000.0000000000 1000.0000000000 0.0000000000 1607.9999999981 1000.0000000000 468.0000000000
14:35:48.328 1000.0000000000 1000.0000000000 0.0000000000 1609.9999999981 1000.0000000000 470.0000000000
14:35:48.359 1000.0000000000 1000.0000000000 0.0000000000 1609.9999999981 1000.0000000000 470.0000000000
14:35:48.390 1000.0000000000 1000.0000000000 0.0000000000 1610.9999999981 1000.0000000000 471.0000000000
14:35:48.421 1000.0000000000 1000.0000000000 0.0000000000 1609.9999999981 1000.0000000000 470.0000000000
14:35:48.453 1000.0000000000 1000.0000000000 0.0000000000 1608.9999999981 1000.0000000000 469.0000000000
14:35:48.484 1000.0000000000 1000.0000000000 0.0000000000 1608.9999999981 1000.0000000000 469.0000000000
14:35:48.515 1000.0000000000 1000.0000000000 0.0000000000 1609.9999999981 1000.0000000000 470.0000000000
14:35:48.546 1000.0000000000 1000.0000000000 0.0000000000 1606.9999999981 1000.0000000000 467.0000000000
14:35:48.578 1000.0000000000 1000.0000000000 0.0000000000 1608.9999999981 1000.0000000000 469.0000000000
14:35:48.609 1000.0000000000 1000.0000000000 0.0000000000 1606.9999999981 1000.0000000000 467.0000000000
14:35:48.640 1000.0000000000 1000.0000000000 0.0000000000 1606.9999999981 1000.0000000000 467.0000000000
14:35:48.671 1000.0000000000 1000.0000000000 0.0000000000 1608.9999999981 1000.0000000000 469.0000000000
14:35:48.703 1000.0000000000 1000.0000000000 0.0000000000 1607.9999999981 1000.0000000000 468.0000000000
14:35:48.734 1000.0000000000 1000.0000000000 0.0000000000 1606.9999999981 1000.0000000000 467.0000000000
14:35:48.765 1000.0000000000 1000.0000000000 0.0000000000 1607.9999999981 1000.0000000000 468.0000000000
14:35:48.796 1000.0000000000 1000.0000000000 0.0000000000 1607.9999999981 1000.0000000000 468.0000000000
14:35:48.828 1000.0000000000 1000.0000000000 0.0000000000 1607.9999999981 1000.0000000000 468.0000000000
14:35:48.859 1000.0000000000 1000.0000000000 0.0000000000 1607.9999999981 1000.0000000000 468.0000000000
14:35:48.890 1000.0000000000 1000.0000000000 0.0000000000 1609.9999999981 1000.0000000000 470.0000000000
14:35:48.921 1000.0000000000 1000.0000000000 0.0000000000 1606.9999999981 1000.0000000000 467.0000000000
14:35:48.953 1000.0000000000 1000.0000000000 0.0000000000 1606.9999999981 1000.0000000000 467.0000000000
14:35:48.984 1000.0000000000 1000.0000000000 0.0000000000 1607.9999999981 1000.0000000000 468.0000000000
14:35:49.015 1000.0000000000 1000.0000000000 0.0000000000 1607.9999999981 1000.0000000000 468.0000000000
14:35:49.046 1000.0000000000 1000.0000000000 0.0000000000 1609.9999999981 1000.0000000000 470.0000000000
14:35:49.078 1000.0000000000 1000.0000000000 0.0000000000 1607.9999999981 1000.0000000000 468.0000000000
14:35:49.109 1000.0000000000 1000.0000000000 0.0000000000 1607.9999999981 1000.0000000000 468.0000000000
14:35:49.140 1000.0000000000 1000.0000000000 0.0000000000 1609.9999999981 1000.0000000000 470.0000000000
14:35:49.171 1000.0000000000 1000.0000000000 0.0000000000 1610.9999999981 1000.0000000000 471.0000000000
14:35:49.203 1000.0000000000 1000.0000000000 0.0000000000 1607.9999999981 1000.0000000000 468.0000000000
14:35:49.234 1000.0000000000 1000.0000000000 0.0000000000 1609.9999999981 1000.0000000000 470.0000000000
14:35:49.265 1000.0000000000 1000.0000000000 0.0000000000 1607.9999999981 1000.0000000000 468.0000000000
14:35:49.296 1000.0000000000 1000.0000000000 0.0000000000 1607.9999999981 1000.0000000000 468.0000000000
14:35:49.328 1000.0000000000 1000.0000000000 0.0000000000 1609.9999999981 1000.0000000000 470.0000000000
14:35:49.359 1000.0000000000 1000.0000000000 0.0000000000 1610.9999999981 1000.0000000000 471.0000000000
14:35:49.390 1000.0000000000 1000.0000000000 0.0000000000 1607.9999999981 1000.0000000000 468.0000000000
14:35:49.421 1000.0000000000 1000.0000000000 0.0000000000 1610.9999999981 1000.0000000000 471.0000000000
14:35:49.453 1000.0000000000 1000.0000000000 0.0000000000 1609.9999999981 1000.0000000000 470.0000000000
14:35:49.484 1000.0000000000 1000.0000000000 0.0000000000 1609.9999999981 1000.0000000000 470.0000000000
14:35:49.515 1000.0000000000 1000.0000000000 0.0000000000 1609.9999999981 1000.0000000000 470.0000000000
14:35:49.546 1000.0000000000 1000.0000000000 0.0000000000 1608.9999999981 1000.0000000000 469.0000000000
14:35:49.578 1000.0000000000 1000.0000000000 0.0000000000 1605.9999999981 1000.0000000000 466.0000000000
14:35:49.609 1000.0000000000 1000.0000000000 0.0000000000 1608.9999999981 1000.0000000000 469.0000000000
14:35:49.640 1000.0000000000 1000.0000000000 0.0000000000 1608.9999999981 1000.0000000000 469.0000000000
14:35:49.671 1000.0000000000 1000.0000000000 0.0000000000 1608.9999999981 1000.0000000000 469.0000000000
14:35:49.703 1000.0000000000 1000.0000000000 0.0000000000 1608.9999999981 1000.0000000000 469.0000000000
14:35:49.734 1000.0000000000 1000.0000000000 0.0000000000 1608.9999999981 1000.0000000000 469.0000000000
14:35:49.765 1000.0000000000 1000.0000000000 0.0000000000 1608.9999999981 1000.0000000000 469.0000000000
14:35:49.796 1000.0000000000 1000.0000000000 0.0000000000 1610.9999999981 1000.0000000000 471.0000000000
14:35:49.828 1000.0000000000 1000.0000000000 0.0000000000 1608.9999999981 1000.0000000000 469.0000000000
14:35:49.859 1000.0000000000 1000.0000000000 0.0000000000 1607.9999999981 1000.0000000000 468.0000000000
14:35:49.890 1000.0000000000 1000.0000000000 0.0000000000 1607.9999999981 1000.0000000000 468.0000000000
14:35:49.921 1000.0000000000 1000.0000000000 0.0000000000 1607.9999999981 1000.0000000000 468.0000000000
14:35:49.953 1000.0000000000 1000.0000000000 0.0000000000 1607.9999999981 1000.0000000000 468.0000000000
14:35:49.984 1000.0000000000 1000.0000000000 0.0000000000 1607.9999999981 1000.0000000000 468.0000000000
14:35:50.015 1000.0000000000 1000.0000000000 0.0000000000 1607.9999999981 1000.0000000000 468.0000000000
14:35:50.046 1000.0000000000 1000.0000000000 0.0000000000 1606.9999999981 1000.0000000000 467.0000000000
14:35:50.078 1000.0000000000 1000.0000000000 0.0000000000 1607.9999999981 1000.0000000000 468.0000000000
14:35:50.109 1000.0000000000 1000.0000000000 0.0000000000 1608.9999999981 1000.0000000000 469.0000000000
14:35:50.140 1000.0000000000 1000.0000000000 0.0000000000 1606.9999999981 1000.0000000000 467.0000000000
14:35:50.171 1000.0000000000 1000.0000000000 0.0000000000 1606.9999999981 1000.0000000000 467.0000000000
14:35:50.203 1000.0000000000 1000.0000000000 0.0000000000 1608.9999999981 1000.0000000000 469.0000000000
14:35:50.234 1000.0000000000 1000.0000000000 0.0000000000 1606.9999999981 1000.0000000000 467.0000000000
14:35:50.265 1000.0000000000 1000.0000000000 0.0000000000 1608.9999999981 1000.0000000000 469.0000000000
14:35:50.296 1000.0000000000 1000.0000000000 0.0000000000 1608.9999999981 1000.0000000000 469.0000000000
14:35:50.328 1000.0000000000 1000.0000000000 0.0000000000 1608.9999999981 1000.0000000000 469.0000000000
14:35:50.359 1000.0000000000 1000.0000000000 0.0000000000 1608.9999999981 1000.0000000000 469.0000000000
14:35:50.390 1000.0000000000 1000.0000000000 0.0000000000 1608.9999999981 1000.0000000000 469.0000000000
14:35:50.421 1000.0000000000 1000.0000000000 0.0000000000 1608.9999999981 1000.0000000000 469.0000000000
14:35:50.453 1000.0000000000 1000.0000000000 0.0000000000 1609.9999999981 1000.0000000000 470.0000000000
14:35:50.484 1000.0000000000 1000.0000000000 0.0000000000 1608.9999999981 1000.0000000000 469.0000000000
14:35:50.515 1000.0000000000 1000.0000000000 0.0000000000 1608.9999999981 1000.0000000000 469.0000000000
14:35:50.546 1000.0000000000 1000.0000000000 0.0000000000 1608.9999999981 1000.0000000000 469.0000000000
14:35:50.578 1000.0000000000 1000.0000000000 0.0000000000 1610.9999999981 1000.0000000000 471.0000000000
14:35:50.609 1000.0000000000 1000.0000000000 0.0000000000 1608.9999999981 1000.0000000000 469.0000000000
14:35:50.640 1000.0000000000 1000.0000000000 0.0000000000 1610.9999999981 1000.0000000000 471.0000000000
14:35:50.671 1000.0000000000 1000.0000000000 0.0000000000 1608.9999999981 1000.0000000000 469.0000000000
14:35:50.703 1000.0000000000 1000.0000000000 0.0000000000 1608.9999999981 1000.0000000000 469.0000000000
14:35:50.734 1000.0000000000 1000.0000000000 0.0000000000 1609.9999999981 1000.0000000000 470.0000000000
14:35:50.765 1000.0000000000 1000.0000000000 0.0000000000 1610.9999999981 1000.0000000000 471.0000000000
14:35:50.796 1000.0000000000 1000.0000000000 0.0000000000 1608.9999999981 1000.0000000000 469.0000000000
14:35:50.828 1000.0000000000 1000.0000000000 0.0000000000 1608.9999999981 1000.0000000000 469.0000000000
14:35:50.859 1000.0000000000 1000.0000000000 0.0000000000 1606.9999999981 1000.0000000000 467.0000000000
14:35:50.890 1000.0000000000 1000.0000000000 0.0000000000 1606.9999999981 1000.0000000000 467.0000000000
14:35:50.921 1000.0000000000 1000.0000000000 0.0000000000 1606.9999999981 1000.0000000000 467.0000000000
14:35:50.953 1000.0000000000 1000.0000000000 0.0000000000 1608.9999999981 1000.0000000000 469.0000000000
14:35:51.015 1000.0000000000 1000.0000000000 0.0000000000 1607.9999999981 1000.0000000000 468.0000000000
14:35:51.046 1000.0000000000 1000.0000000000 0.0000000000 1608.9999999981 1000.0000000000 469.0000000000
14:35:51.078 1000.0000000000 1000.0000000000 0.0000000000 1608.9999999981 1000.0000000000 469.0000000000
14:35:51.109 1000.0000000000 1000.0000000000 0.0000000000 1607.9999999981 1000.0000000000 468.0000000000
14:35:51.140 1000.0000000000 1000.0000000000 0.0000000000 1607.9999999981 1000.0000000000 468.0000000000
14:35:51.171 1000.0000000000 1000.0000000000 0.0000000000 1608.9999999981 1000.0000000000 469.0000000000
14:35:51.203 1000.0000000000 1000.0000000000 0.0000000000 1608.9999999981 1000.0000000000 469.0000000000
14:35:51.234 1000.0000000000 1000.0000000000 0.0000000000 1608.9999999981 1000.0000000000 469.0000000000
14:35:51.265 1000.0000000000 1000.0000000000 0.0000000000 1608.9999999981 1000.0000000000 469.0000000000
14:35:51.296 1000.0000000000 1000.0000000000 0.0000000000 1608.9999999981 1000.0000000000 469.0000000000
14:35:51.328 1000.0000000000 1000.0000000000 0.0000000000 1608.9999999981 1000.0000000000 469.0000000000
14:35:51.359 1000.0000000000 1000.0000000000 0.0000000000 1608.9999999981 1000.0000000000 469.0000000000
14:35:51.390 1000.0000000000 1000.0000000000 0.0000000000 1608.9999999981 1000.0000000000 469.0000000000
14:35:51.421 1000.0000000000 1000.0000000000 0.0000000000 1610.9999999981 1000.0000000000 471.0000000000
14:35:51.453 1000.0000000000 1000.0000000000 0.0000000000 1608.9999999981 1000.0000000000 469.0000000000
14:35:51.484 1000.0000000000 1000.0000000000 0.0000000000 1608.9999999981 1000.0000000000 469.0000000000
14:35:51.515 1000.0000000000 1000.0000000000 0.0000000000 1608.9999999981 1000.0000000000 469.0000000000
14:35:51.546 1000.0000000000 1000.0000000000 0.0000000000 1610.9999999981 1000.0000000000 471.0000000000
14:35:51.578 1000.0000000000 1000.0000000000 0.0000000000 1607.9999999981 1000.0000000000 468.0000000000
14:35:51.609 1000.0000000000 1000.0000000000 0.0000000000 1607.9999999981 1000.0000000000 468.0000000000
14:35:51.640 1000.0000000000 1000.0000000000 0.0000000000 1606.9999999981 1000.0000000000 467.0000000000
14:35:51.671 1000.0000000000 1000.0000000000 0.0000000000 1606.9999999981 1000.0000000000 467.0000000000
14:35:51.703 1000.0000000000 1000.0000000000 0.0000000000 1608.9999999981 1000.0000000000 469.0000000000
14:35:51.734 1000.0000000000 1000.0000000000 0.0000000000 1608.9999999981 1000.0000000000 469.0000000000
14:35:51.765 1000.0000000000 1000.0000000000 0.0000000000 1606.9999999981 1000.0000000000 467.0000000000
14:35:51.796 1000.0000000000 1000.0000000000 0.0000000000 1608.9999999981 1000.0000000000 469.0000000000
14:35:51.828 1000.0000000000 1000.0000000000 0.0000000000 1606.9999999981 1000.0000000000 467.0000000000
14:35:51.859 1000.0000000000 1000.0000000000 0.0000000000 1606.9999999981 1000.0000000000 467.0000000000
14:35:51.890 1000.0000000000 1000.0000000000 0.0000000000 1606.9999999981 1000.0000000000 467.0000000000
14:35:51.921 1000.0000000000 1000.0000000000 0.0000000000 1608.9999999981 1000.0000000000 469.0000000000
14:35:51.953 1000.0000000000 1000.0000000000 0.0000000000 1605.9999999981 1000.0000000000 466.0000000000
14:35:51.984 1000.0000000000 1000.0000000000 0.0000000000 1605.9999999981 1000.0000000000 466.0000000000
14:35:52.015 1000.0000000000 1000.0000000000 0.0000000000 1606.9999999981 1000.0000000000 467.0000000000
14:35:52.046 1000.0000000000 1000.0000000000 0.0000000000 1606.9999999981 1000.0000000000 467.0000000000
14:35:52.078 1000.0000000000 1000.0000000000 0.0000000000 1606.9999999981 1000.0000000000 467.0000000000
14:35:52.109 1000.0000000000 1000.0000000000 0.0000000000 1607.9999999981 1000.0000000000 468.0000000000
14:35:52.140 1000.0000000000 1000.0000000000 0.0000000000 1607.9999999981 1000.0000000000 468.0000000000
14:35:52.171 1000.0000000000 1000.0000000000 0.0000000000 1607.9999999981 1000.0000000000 468.0000000000
14:35:52.203 1000.0000000000 1000.0000000000 0.0000000000 1607.9999999981 1000.0000000000 468.0000000000
14:35:52.234 1000.0000000000 1000.0000000000 0.0000000000 1607.9999999981 1000.0000000000 468.0000000000
14:35:52.265 1000.0000000000 1000.0000000000 0.0000000000 1607.9999999981 1000.0000000000 468.0000000000
14:35:52.296 1000.0000000000 1000.0000000000 0.0000000000 1608.9999999981 1000.0000000000 469.0000000000
14:35:52.328 1000.0000000000 1000.0000000000 0.0000000000 1608.9999999981 1000.0000000000 469.0000000000
14:35:52.359 1000.0000000000 1000.0000000000 0.0000000000 1608.9999999981 1000.0000000000 469.0000000000
14:35:52.390 1000.0000000000 1000.0000000000 0.0000000000 1609.9999999981 1000.0000000000 470.0000000000
14:35:52.421 1000.0000000000 1000.0000000000 0.0000000000 1608.9999999981 1000.0000000000 469.0000000000
14:35:52.453 1000.0000000000 1000.0000000000 0.0000000000 1609.9999999981 1000.0000000000 470.0000000000
14:35:52.484 1000.0000000000 1000.0000000000 0.0000000000 1609.9999999981 1000.0000000000 470.0000000000
14:35:52.515 1000.0000000000 1000.0000000000 0.0000000000 1609.9999999981 1000.0000000000 470.0000000000
14:35:52.546 1000.0000000000 1000.0000000000 0.0000000000 1609.9999999981 1000.0000000000 470.0000000000
14:35:52.578 1000.0000000000 1000.0000000000 0.0000000000 1610.9999999981 1000.0000000000 471.0000000000
14:35:52.609 1000.0000000000 1000.0000000000 0.0000000000 1606.9999999981 1000.0000000000 467.0000000000
14:35:52.640 1000.0000000000 1000.0000000000 0.0000000000 1610.9999999981 1000.0000000000 471.0000000000
14:35:52.671 1000.0000000000 1000.0000000000 0.0000000000 1610.9999999981 1000.0000000000 471.0000000000
14:35:52.703 1000.0000000000 1000.0000000000 0.0000000000 1610.9999999981 1000.0000000000 471.0000000000
14:35:52.734 1000.0000000000 1000.0000000000 0.0000000000 1610.9999999981 1000.0000000000 471.0000000000
14:35:52.765 1000.0000000000 1000.0000000000 0.0000000000 1609.9999999981 1000.0000000000 470.0000000000
14:35:52.796 1000.0000000000 1000.0000000000 0.0000000000 1609.9999999981 1000.0000000000 470.0000000000
14:35:52.828 1000.0000000000 1000.0000000000 0.0000000000 1609.9999999981 1000.0000000000 470.0000000000
14:35:52.859 1000.0000000000 1000.0000000000 0.0000000000 1609.9999999981 1000.0000000000 470.0000000000
14:35:52.890 1000.0000000000 1000.0000000000 0.0000000000 1609.9999999981 1000.0000000000 470.0000000000
14:35:52.921 1000.0000000000 1000.0000000000 0.0000000000 1609.9999999981 1000.0000000000 470.0000000000
14:35:52.953 1000.0000000000 1000.0000000000 0.0000000000 1608.9999999981 1000.0000000000 469.0000000000
14:35:52.984 1000.0000000000 1000.0000000000 0.0000000000 1608.9999999981 1000.0000000000 469.0000000000
14:35:53.015 1000.0000000000 1000.0000000000 0.0000000000 1609.9999999981 1000.0000000000 470.0000000000
14:35:53.046 1000.0000000000 1000.0000000000 0.0000000000 1608.9999999981 1000.0000000000 469.0000000000
14:35:53.078 1000.0000000000 1000.0000000000 0.0000000000 1608.9999999981 1000.0000000000 469.0000000000
14:35:53.109 1000.0000000000 1000.0000000000 0.0000000000 1608.9999999981 1000.0000000000 469.0000000000
14:35:53.140 1000.0000000000 1000.0000000000 0.0000000000 1609.9999999981 1000.0000000000 470.0000000000
14:35:53.171 1000.0000000000 1000.0000000000 0.0000000000 1608.9999999981 1000.0000000000 469.0000000000
14:35:53.203 1000.0000000000 1000.0000000000 0.0000000000 1608.9999999981 1000.0000000000 469.0000000000
14:35:53.234 1000.0000000000 1000.0000000000 0.0000000000 1608.9999999981 1000.0000000000 469.0000000000
14:35:53.265 1000.0000000000 1000.0000000000 0.0000000000 1608.9999999981 1000.0000000000 469.0000000000
14:35:53.296 1000.0000000000 1000.0000000000 0.0000000000 1608.9999999981 1000.0000000000 469.0000000000
14:35:53.328 1000.0000000000 1000.0000000000 0.0000000000 1608.9999999981 1000.0000000000 469.0000000000
14:35:53.359 1000.0000000000 1000.0000000000 0.0000000000 1608.9999999981 1000.0000000000 469.0000000000
14:35:53.390 1000.0000000000 1000.0000000000 0.0000000000 1608.9999999981 1000.0000000000 469.0000000000
14:35:53.421 1000.0000000000 1000.0000000000 0.0000000000 1608.9999999981 1000.0000000000 469.0000000000
14:35:53.453 1000.0000000000 1000.0000000000 0.0000000000 1608.9999999981 1000.0000000000 469.0000000000
14:35:53.484 1000.0000000000 1000.0000000000 0.0000000000 1608.9999999981 1000.0000000000 469.0000000000
14:35:53.515 1000.0000000000 1000.0000000000 0.0000000000 1608.9999999981 1000.0000000000 469.0000000000
14:35:53.546 1000.0000000000 1000.0000000000 0.0000000000 1608.9999999981 1000.0000000000 469.0000000000
14:35:53.578 1000.0000000000 1000.0000000000 0.0000000000 1608.9999999981 1000.0000000000 469.0000000000
14:35:53.609 1000.0000000000 1000.0000000000 0.0000000000 1610.9999999981 1000.0000000000 471.0000000000
14:35:53.640 1000.0000000000 1000.0000000000 0.0000000000 1608.9999999981 1000.0000000000 469.0000000000
14:35:53.671 1000.0000000000 1000.0000000000 0.0000000000 1610.9999999981 1000.0000000000 471.0000000000
