Тестовая информация 0. Исходные сенсорные данные: Time, X_rob, Y_rob, Ang_rob, X_obj, Y_obj, Distance (мм, град)
14:36:19.515 1000.0000000000 1000.0000000000 0.0000000000 1653.9999999981 1000.0000000000 514.0000000000
14:36:19.546 1000.0000000000 1000.0000000000 0.0000000000 1653.9999999981 1000.0000000000 514.0000000000
14:36:19.578 1000.0000000000 1000.0000000000 0.0000000000 1653.9999999981 1000.0000000000 514.0000000000
14:36:19.609 1000.0000000000 1000.0000000000 0.0000000000 1648.9999999981 1000.0000000000 509.0000000000
14:36:19.640 1000.0000000000 1000.0000000000 0.0000000000 1651.9999999981 1000.0000000000 512.0000000000
14:36:19.671 1000.0000000000 1000.0000000000 0.0000000000 1648.9999999981 1000.0000000000 509.0000000000
14:36:19.703 1000.0000000000 1000.0000000000 0.0000000000 1648.9999999981 1000.0000000000 509.0000000000
14:36:19.734 1000.0000000000 1000.0000000000 0.0000000000 1648.9999999981 1000.0000000000 509.0000000000
14:36:19.765 1000.0000000000 1000.0000000000 0.0000000000 1646.9999999981 1000.0000000000 507.0000000000
14:36:19.796 1000.0000000000 1000.0000000000 0.0000000000 1645.9999999981 1000.0000000000 506.0000000000
14:36:19.828 1000.0000000000 1000.0000000000 0.0000000000 1646.9999999981 1000.0000000000 507.0000000000
14:36:19.859 1000.0000000000 1000.0000000000 0.0000000000 1645.9999999981 1000.0000000000 506.0000000000
14:36:19.890 1000.0000000000 1000.0000000000 0.0000000000 1645.9999999981 1000.0000000000 506.0000000000
14:36:19.921 1000.0000000000 1000.0000000000 0.0000000000 1645.9999999981 1000.0000000000 506.0000000000
14:36:19.953 1000.0000000000 1000.0000000000 0.0000000000 1645.9999999981 1000.0000000000 506.0000000000
14:36:19.984 1000.0000000000 1000.0000000000 0.0000000000 1645.9999999981 1000.0000000000 506.0000000000
14:36:20.015 1000.0000000000 1000.0000000000 0.0000000000 1645.9999999981 1000.0000000000 506.0000000000
14:36:20.046 1000.0000000000 1000.0000000000 0.0000000000 1645.9999999981 1000.0000000000 506.0000000000
14:36:20.078 1000.0000000000 1000.0000000000 0.0000000000 1642.9999999981 1000.0000000000 503.0000000000
14:36:20.109 1000.0000000000 1000.0000000000 0.0000000000 1643.9999999981 1000.0000000000 504.0000000000
14:36:20.140 1000.0000000000 1000.0000000000 0.0000000000 1645.9999999981 1000.0000000000 506.0000000000
14:36:20.171 1000.0000000000 1000.0000000000 0.0000000000 1645.9999999981 1000.0000000000 506.0000000000
14:36:20.203 1000.0000000000 1000.0000000000 0.0000000000 1645.9999999981 1000.0000000000 506.0000000000
14:36:20.234 1000.0000000000 1000.0000000000 0.0000000000 1648.9999999981 1000.0000000000 509.0000000000
14:36:20.265 1000.0000000000 1000.0000000000 0.0000000000 1644.9999999981 1000.0000000000 505.0000000000
14:36:20.296 1000.0000000000 1000.0000000000 0.0000000000 1648.9999999981 1000.0000000000 509.0000000000
14:36:20.328 1000.0000000000 1000.0000000000 0.0000000000 1644.9999999981 1000.0000000000 505.0000000000
14:36:20.359 1000.0000000000 1000.0000000000 0.0000000000 1644.9999999981 1000.0000000000 505.0000000000
14:36:20.390 1000.0000000000 1000.0000000000 0.0000000000 1644.9999999981 1000.0000000000 505.0000000000
14:36:20.421 1000.0000000000 1000.0000000000 0.0000000000 1647.9999999981 1000.0000000000 508.0000000000
14:36:20.453 1000.0000000000 1000.0000000000 0.0000000000 1647.9999999981 1000.0000000000 508.0000000000
14:36:20.484 1000.0000000000 1000.0000000000 0.0000000000 1648.9999999981 1000.0000000000 509.0000000000
14:36:20.515 1000.0000000000 1000.0000000000 0.0000000000 1648.9999999981 1000.0000000000 509.0000000000
14:36:20.546 1000.0000000000 1000.0000000000 0.0000000000 1648.9999999981 1000.0000000000 509.0000000000
14:36:20.578 1000.0000000000 1000.0000000000 0.0000000000 1648.9999999981 1000.0000000000 509.0000000000
14:36:20.609 1000.0000000000 1000.0000000000 0.0000000000 1649.9999999981 1000.0000000000 510.0000000000
14:36:20.640 1000.0000000000 1000.0000000000 0.0000000000 1644.9999999981 1000.0000000000 505.0000000000
14:36:20.671 1000.0000000000 1000.0000000000 0.0000000000 1647.9999999981 1000.0000000000 508.0000000000
14:36:20.703 1000.0000000000 1000.0000000000 0.0000000000 1645.9999999981 1000.0000000000 506.0000000000
14:36:20.734 1000.0000000000 1000.0000000000 0.0000000000 1645.9999999981 1000.0000000000 506.0000000000
14:36:20.765 1000.0000000000 1000.0000000000 0.0000000000 1645.9999999981 1000.0000000000 506.0000000000
14:36:20.796 1000.0000000000 1000.0000000000 0.0000000000 1649.9999999981 1000.0000000000 510.0000000000
14:36:20.828 1000.0000000000 1000.0000000000 0.0000000000 1644.9999999981 1000.0000000000 505.0000000000
14:36:20.859 1000.0000000000 1000.0000000000 0.0000000000 1646.9999999981 1000.0000000000 507.0000000000
14:36:20.890 1000.0000000000 1000.0000000000 0.0000000000 1645.9999999981 1000.0000000000 506.0000000000
14:36:20.921 1000.0000000000 1000.0000000000 0.0000000000 1645.9999999981 1000.0000000000 506.0000000000
14:36:20.953 1000.0000000000 1000.0000000000 0.0000000000 1645.9999999981 1000.0000000000 506.0000000000
14:36:20.984 1000.0000000000 1000.0000000000 0.0000000000 1645.9999999981 1000.0000000000 506.0000000000
14:36:21.015 1000.0000000000 1000.0000000000 0.0000000000 1639.9999999981 1000.0000000000 500.0000000000
14:36:21.046 1000.0000000000 1000.0000000000 0.0000000000 1645.9999999981 1000.0000000000 506.0000000000
14:36:21.078 1000.0000000000 1000.0000000000 0.0000000000 1644.9999999981 1000.0000000000 505.0000000000
14:36:21.109 1000.0000000000 1000.0000000000 0.0000000000 1644.9999999981 1000.0000000000 505.0000000000
14:36:21.140 1000.0000000000 1000.0000000000 0.0000000000 1644.9999999981 1000.0000000000 505.0000000000
14:36:21.171 1000.0000000000 1000.0000000000 0.0000000000 1644.9999999981 1000.0000000000 505.0000000000
14:36:21.203 1000.0000000000 1000.0000000000 0.0000000000 1644.9999999981 1000.0000000000 505.0000000000
14:36:21.234 1000.0000000000 1000.0000000000 0.0000000000 1648.9999999981 1000.0000000000 509.0000000000
14:36:21.265 1000.0000000000 1000.0000000000 0.0000000000 1644.9999999981 1000.0000000000 505.0000000000
14:36:21.296 1000.0000000000 1000.0000000000 0.0000000000 1641.9999999981 1000.0000000000 502.0000000000
14:36:21.328 1000.0000000000 1000.0000000000 0.0000000000 1644.9999999981 1000.0000000000 505.0000000000
14:36:21.359 1000.0000000000 1000.0000000000 0.0000000000 1644.9999999981 1000.0000000000 505.0000000000
14:36:21.390 1000.0000000000 1000.0000000000 0.0000000000 1644.9999999981 1000.0000000000 505.0000000000
14:36:21.421 1000.0000000000 1000.0000000000 0.0000000000 1644.9999999981 1000.0000000000 505.0000000000
14:36:21.453 1000.0000000000 1000.0000000000 0.0000000000 1643.9999999981 1000.0000000000 504.0000000000
14:36:21.484 1000.0000000000 1000.0000000000 0.0000000000 1642.9999999981 1000.0000000000 503.0000000000
14:36:21.515 1000.0000000000 1000.0000000000 0.0000000000 1643.9999999981 1000.0000000000 504.0000000000
14:36:21.546 1000.0000000000 1000.0000000000 0.0000000000 1643.9999999981 1000.0000000000 504.0000000000
14:36:21.578 1000.0000000000 1000.0000000000 0.0000000000 1643.9999999981 1000.0000000000 504.0000000000
14:36:21.609 1000.0000000000 1000.0000000000 0.0000000000 1644.9999999981 1000.0000000000 505.0000000000
14:36:21.640 1000.0000000000 1000.0000000000 0.0000000000 1649.9999999981 1000.0000000000 510.0000000000
14:36:21.671 1000.0000000000 1000.0000000000 0.0000000000 1649.9999999981 1000.0000000000 510.0000000000
14:36:21.703 1000.0000000000 1000.0000000000 0.0000000000 1652.9999999981 1000.0000000000 513.0000000000
14:36:21.734 1000.0000000000 1000.0000000000 0.0000000000 1649.9999999981 1000.0000000000 510.0000000000
14:36:21.765 1000.0000000000 1000.0000000000 0.0000000000 1648.9999999981 1000.0000000000 509.0000000000
14:36:21.796 1000.0000000000 1000.0000000000 0.0000000000 1648.9999999981 1000.0000000000 509.0000000000
14:36:21.828 1000.0000000000 1000.0000000000 0.0000000000 1643.9999999981 1000.0000000000 504.0000000000
14:36:21.859 1000.0000000000 1000.0000000000 0.0000000000 1640.9999999981 1000.0000000000 501.0000000000
14:36:21.890 1000.0000000000 1000.0000000000 0.0000000000 1643.9999999981 1000.0000000000 504.0000000000
14:36:21.921 1000.0000000000 1000.0000000000 0.0000000000 1640.9999999981 1000.0000000000 501.0000000000
14:36:21.953 1000.0000000000 1000.0000000000 0.0000000000 1640.9999999981 1000.0000000000 501.0000000000
14:36:21.984 1000.0000000000 1000.0000000000 0.0000000000 1645.9999999981 1000.0000000000 506.0000000000
14:36:22.015 1000.0000000000 1000.0000000000 0.0000000000 1645.9999999981 1000.0000000000 506.0000000000
14:36:22.046 1000.0000000000 1000.0000000000 0.0000000000 1640.9999999981 1000.0000000000 501.0000000000
14:36:22.078 1000.0000000000 1000.0000000000 0.0000000000 1645.9999999981 1000.0000000000 506.0000000000
14:36:22.109 1000.0000000000 1000.0000000000 0.0000000000 1640.9999999981 1000.0000000000 501.0000000000
14:36:22.140 1000.0000000000 1000.0000000000 0.0000000000 1640.9999999981 1000.0000000000 501.0000000000
14:36:22.171 1000.0000000000 1000.0000000000 0.0000000000 1646.9999999981 1000.0000000000 507.0000000000
14:36:22.203 1000.0000000000 1000.0000000000 0.0000000000 1646.9999999981 1000.0000000000 507.0000000000
14:36:22.234 1000.0000000000 1000.0000000000 0.0000000000 1642.9999999981 1000.0000000000 503.0000000000
14:36:22.265 1000.0000000000 1000.0000000000 0.0000000000 1643.9999999981 1000.0000000000 504.0000000000
14:36:22.296 1000.0000000000 1000.0000000000 0.0000000000 1646.9999999981 1000.0000000000 507.0000000000
14:36:22.328 1000.0000000000 1000.0000000000 0.0000000000 1646.9999999981 1000.0000000000 507.0000000000
14:36:22.359 1000.0000000000 1000.0000000000 0.0000000000 1646.9999999981 1000.0000000000 507.0000000000
14:36:22.390 1000.0000000000 1000.0000000000 0.0000000000 1644.9999999981 1000.0000000000 505.0000000000
14:36:22.421 1000.0000000000 1000.0000000000 0.0000000000 1644.9999999981 1000.0000000000 505.0000000000
14:36:22.453 1000.0000000000 1000.0000000000 0.0000000000 1644.9999999981 1000.0000000000 505.0000000000
14:36:22.484 1000.0000000000 1000.0000000000 0.0000000000 1646.9999999981 1000.0000000000 507.0000000000
14:36:22.515 1000.0000000000 1000.0000000000 0.0000000000 1646.9999999981 1000.0000000000 507.0000000000
14:36:22.546 1000.0000000000 1000.0000000000 0.0000000000 1647.9999999981 1000.0000000000 508.0000000000
14:36:22.578 1000.0000000000 1000.0000000000 0.0000000000 1646.9999999981 1000.0000000000 507.0000000000
14:36:22.609 1000.0000000000 1000.0000000000 0.0000000000 1646.9999999981 1000.0000000000 507.0000000000
14:36:22.640 1000.0000000000 1000.0000000000 0.0000000000 1647.9999999981 1000.0000000000 508.0000000000
14:36:22.671 1000.0000000000 1000.0000000000 0.0000000000 1648.9999999981 1000.0000000000 509.0000000000
14:36:22.703 1000.0000000000 1000.0000000000 0.0000000000 1646.9999999981 1000.0000000000 507.0000000000
14:36:22.734 1000.0000000000 1000.0000000000 0.0000000000 1646.9999999981 1000.0000000000 507.0000000000
14:36:22.765 1000.0000000000 1000.0000000000 0.0000000000 1646.9999999981 1000.0000000000 507.0000000000
14:36:22.796 1000.0000000000 1000.0000000000 0.0000000000 1646.9999999981 1000.0000000000 507.0000000000
14:36:22.828 1000.0000000000 1000.0000000000 0.0000000000 1646.9999999981 1000.0000000000 507.0000000000
14:36:22.859 1000.0000000000 1000.0000000000 0.0000000000 1646.9999999981 1000.0000000000 507.0000000000
14:36:22.890 1000.0000000000 1000.0000000000 0.0000000000 1642.9999999981 1000.0000000000 503.0000000000
14:36:22.921 1000.0000000000 1000.0000000000 0.0000000000 1646.9999999981 1000.0000000000 507.0000000000
14:36:22.953 1000.0000000000 1000.0000000000 0.0000000000 1645.9999999981 1000.0000000000 506.0000000000
14:36:22.984 1000.0000000000 1000.0000000000 0.0000000000 1645.9999999981 1000.0000000000 506.0000000000
14:36:23.015 1000.0000000000 1000.0000000000 0.0000000000 1645.9999999981 1000.0000000000 506.0000000000
14:36:23.046 1000.0000000000 1000.0000000000 0.0000000000 1644.9999999981 1000.0000000000 505.0000000000
14:36:23.078 1000.0000000000 1000.0000000000 0.0000000000 1636.9999999981 1000.0000000000 497.0000000000
14:36:23.109 1000.0000000000 1000.0000000000 0.0000000000 1644.9999999981 1000.0000000000 505.0000000000
14:36:23.140 1000.0000000000 1000.0000000000 0.0000000000 1644.9999999981 1000.0000000000 505.0000000000
14:36:23.171 1000.0000000000 1000.0000000000 0.0000000000 1644.9999999981 1000.0000000000 505.0000000000
14:36:23.203 1000.0000000000 1000.0000000000 0.0000000000 1644.9999999981 1000.0000000000 505.0000000000
14:36:23.234 1000.0000000000 1000.0000000000 0.0000000000 1644.9999999981 1000.0000000000 505.0000000000
14:36:23.265 1000.0000000000 1000.0000000000 0.0000000000 1644.9999999981 1000.0000000000 505.0000000000
14:36:23.296 1000.0000000000 1000.0000000000 0.0000000000 1648.9999999981 1000.0000000000 509.0000000000
14:36:23.328 1000.0000000000 1000.0000000000 0.0000000000 1644.9999999981 1000.0000000000 505.0000000000
14:36:23.359 1000.0000000000 1000.0000000000 0.0000000000 1641.9999999981 1000.0000000000 502.0000000000
14:36:23.390 1000.0000000000 1000.0000000000 0.0000000000 1641.9999999981 1000.0000000000 502.0000000000
14:36:23.421 1000.0000000000 1000.0000000000 0.0000000000 1644.9999999981 1000.0000000000 505.0000000000
14:36:23.453 1000.0000000000 1000.0000000000 0.0000000000 1641.9999999981 1000.0000000000 502.0000000000
14:36:23.484 1000.0000000000 1000.0000000000 0.0000000000 1644.9999999981 1000.0000000000 505.0000000000
14:36:23.515 1000.0000000000 1000.0000000000 0.0000000000 1652.9999999981 1000.0000000000 513.0000000000
14:36:23.546 1000.0000000000 1000.0000000000 0.0000000000 1649.9999999981 1000.0000000000 510.0000000000
14:36:23.578 1000.0000000000 1000.0000000000 0.0000000000 1652.9999999981 1000.0000000000 513.0000000000
14:36:23.609 1000.0000000000 1000.0000000000 0.0000000000 1660.9999999981 1000.0000000000 521.0000000000
14:36:23.640 1000.0000000000 1000.0000000000 0.0000000000 1658.9999999981 1000.0000000000 519.0000000000
14:36:23.671 1000.0000000000 1000.0000000000 0.0000000000 1658.9999999981 1000.0000000000 519.0000000000
14:36:23.703 1000.0000000000 1000.0000000000 0.0000000000 1647.9999999981 1000.0000000000 508.0000000000
14:36:23.734 1000.0000000000 1000.0000000000 0.0000000000 1642.9999999981 1000.0000000000 503.0000000000
14:36:23.765 1000.0000000000 1000.0000000000 0.0000000000 1647.9999999981 1000.0000000000 508.0000000000
14:36:23.796 1000.0000000000 1000.0000000000 0.0000000000 1643.9999999981 1000.0000000000 504.0000000000
14:36:23.828 1000.0000000000 1000.0000000000 0.0000000000 1643.9999999981 1000.0000000000 504.0000000000
14:36:23.859 1000.0000000000 1000.0000000000 0.0000000000 1643.9999999981 1000.0000000000 504.0000000000
14:36:23.890 1000.0000000000 1000.0000000000 0.0000000000 1644.9999999981 1000.0000000000 505.0000000000
14:36:23.921 1000.0000000000 1000.0000000000 0.0000000000 1644.9999999981 1000.0000000000 505.0000000000
14:36:23.953 1000.0000000000 1000.0000000000 0.0000000000 1648.9999999981 1000.0000000000 509.0000000000
14:36:23.984 1000.0000000000 1000.0000000000 0.0000000000 1644.9999999981 1000.0000000000 505.0000000000
14:36:24.015 1000.0000000000 1000.0000000000 0.0000000000 1644.9999999981 1000.0000000000 505.0000000000
14:36:24.046 1000.0000000000 1000.0000000000 0.0000000000 1644.9999999981 1000.0000000000 505.0000000000
14:36:24.078 1000.0000000000 1000.0000000000 0.0000000000 1647.9999999981 1000.0000000000 508.0000000000
14:36:24.109 1000.0000000000 1000.0000000000 0.0000000000 1647.9999999981 1000.0000000000 508.0000000000
14:36:24.140 1000.0000000000 1000.0000000000 0.0000000000 1649.9999999981 1000.0000000000 510.0000000000
14:36:24.171 1000.0000000000 1000.0000000000 0.0000000000 1647.9999999981 1000.0000000000 508.0000000000
14:36:24.203 1000.0000000000 1000.0000000000 0.0000000000 1645.9999999981 1000.0000000000 506.0000000000
14:36:24.234 1000.0000000000 1000.0000000000 0.0000000000 1647.9999999981 1000.0000000000 508.0000000000
14:36:24.265 1000.0000000000 1000.0000000000 0.0000000000 1649.9999999981 1000.0000000000 510.0000000000
14:36:24.296 1000.0000000000 1000.0000000000 0.0000000000 1645.9999999981 1000.0000000000 506.0000000000
14:36:24.328 1000.0000000000 1000.0000000000 0.0000000000 1647.9999999981 1000.0000000000 508.0000000000
14:36:24.359 1000.0000000000 1000.0000000000 0.0000000000 1645.9999999981 1000.0000000000 506.0000000000
14:36:24.390 1000.0000000000 1000.0000000000 0.0000000000 1645.9999999981 1000.0000000000 506.0000000000
14:36:24.421 1000.0000000000 1000.0000000000 0.0000000000 1645.9999999981 1000.0000000000 506.0000000000
14:36:24.453 1000.0000000000 1000.0000000000 0.0000000000 1646.9999999981 1000.0000000000 507.0000000000
14:36:24.484 1000.0000000000 1000.0000000000 0.0000000000 1646.9999999981 1000.0000000000 507.0000000000
14:36:24.515 1000.0000000000 1000.0000000000 0.0000000000 1647.9999999981 1000.0000000000 508.0000000000
14:36:24.546 1000.0000000000 1000.0000000000 0.0000000000 1648.9999999981 1000.0000000000 509.0000000000
14:36:24.578 1000.0000000000 1000.0000000000 0.0000000000 1648.9999999981 1000.0000000000 509.0000000000
14:36:24.609 1000.0000000000 1000.0000000000 0.0000000000 1648.9999999981 1000.0000000000 509.0000000000
14:36:24.640 1000.0000000000 1000.0000000000 0.0000000000 1646.9999999981 1000.0000000000 507.0000000000
14:36:24.671 1000.0000000000 1000.0000000000 0.0000000000 1646.9999999981 1000.0000000000 507.0000000000
14:36:24.703 1000.0000000000 1000.0000000000 0.0000000000 1647.9999999981 1000.0000000000 508.0000000000
14:36:24.734 1000.0000000000 1000.0000000000 0.0000000000 1651.9999999981 1000.0000000000 512.0000000000
14:36:24.765 1000.0000000000 1000.0000000000 0.0000000000 1646.9999999981 1000.0000000000 507.0000000000
14:36:24.796 1000.0000000000 1000.0000000000 0.0000000000 1649.9999999981 1000.0000000000 510.0000000000
14:36:24.828 1000.0000000000 1000.0000000000 0.0000000000 1646.9999999981 1000.0000000000 507.0000000000
14:36:24.859 1000.0000000000 1000.0000000000 0.0000000000 1646.9999999981 1000.0000000000 507.0000000000
14:36:24.890 1000.0000000000 1000.0000000000 0.0000000000 1647.9999999981 1000.0000000000 508.0000000000
14:36:24.921 1000.0000000000 1000.0000000000 0.0000000000 1648.9999999981 1000.0000000000 509.0000000000
14:36:24.953 1000.0000000000 1000.0000000000 0.0000000000 1646.9999999981 1000.0000000000 507.0000000000
14:36:24.984 1000.0000000000 1000.0000000000 0.0000000000 1646.9999999981 1000.0000000000 507.0000000000
14:36:25.015 1000.0000000000 1000.0000000000 0.0000000000 1646.9999999981 1000.0000000000 507.0000000000
14:36:25.046 1000.0000000000 1000.0000000000 0.0000000000 1646.9999999981 1000.0000000000 507.0000000000
14:36:25.078 1000.0000000000 1000.0000000000 0.0000000000 1646.9999999981 1000.0000000000 507.0000000000
14:36:25.109 1000.0000000000 1000.0000000000 0.0000000000 1648.9999999981 1000.0000000000 509.0000000000
14:36:25.140 1000.0000000000 1000.0000000000 0.0000000000 1641.9999999981 1000.0000000000 502.0000000000
14:36:25.171 1000.0000000000 1000.0000000000 0.0000000000 1645.9999999981 1000.0000000000 506.0000000000
14:36:25.203 1000.0000000000 1000.0000000000 0.0000000000 1647.9999999981 1000.0000000000 508.0000000000
14:36:25.234 1000.0000000000 1000.0000000000 0.0000000000 1647.9999999981 1000.0000000000 508.0000000000
14:36:25.265 1000.0000000000 1000.0000000000 0.0000000000 1647.9999999981 1000.0000000000 508.0000000000
14:36:25.296 1000.0000000000 1000.0000000000 0.0000000000 1648.9999999981 1000.0000000000 509.0000000000
14:36:25.328 1000.0000000000 1000.0000000000 0.0000000000 1646.9999999981 1000.0000000000 507.0000000000
14:36:25.359 1000.0000000000 1000.0000000000 0.0000000000 1647.9999999981 1000.0000000000 508.0000000000
14:36:25.390 1000.0000000000 1000.0000000000 0.0000000000 1646.9999999981 1000.0000000000 507.0000000000
14:36:25.421 1000.0000000000 1000.0000000000 0.0000000000 1646.9999999981 1000.0000000000 507.0000000000
14:36:25.453 1000.0000000000 1000.0000000000 0.0000000000 1646.9999999981 1000.0000000000 507.0000000000
14:36:25.484 1000.0000000000 1000.0000000000 0.0000000000 1642.9999999981 1000.0000000000 503.0000000000
14:36:25.515 1000.0000000000 1000.0000000000 0.0000000000 1642.9999999981 1000.0000000000 503.0000000000
14:36:25.546 1000.0000000000 1000.0000000000 0.0000000000 1645.9999999981 1000.0000000000 506.0000000000
14:36:25.578 1000.0000000000 1000.0000000000 0.0000000000 1643.9999999981 1000.0000000000 504.0000000000
14:36:25.609 1000.0000000000 1000.0000000000 0.0000000000 1642.9999999981 1000.0000000000 503.0000000000
14:36:25.640 1000.0000000000 1000.0000000000 0.0000000000 1643.9999999981 1000.0000000000 504.0000000000
14:36:25.671 1000.0000000000 1000.0000000000 0.0000000000 1644.9999999981 1000.0000000000 505.0000000000
14:36:25.703 1000.0000000000 1000.0000000000 0.0000000000 1643.9999999981 1000.0000000000 504.0000000000
14:36:25.734 1000.0000000000 1000.0000000000 0.0000000000 1644.9999999981 1000.0000000000 505.0000000000
14:36:25.765 1000.0000000000 1000.0000000000 0.0000000000 1645.9999999981 1000.0000000000 506.0000000000
14:36:25.796 1000.0000000000 1000.0000000000 0.0000000000 1645.9999999981 1000.0000000000 506.0000000000
14:36:25.828 1000.0000000000 1000.0000000000 0.0000000000 1649.9999999981 1000.0000000000 510.0000000000
14:36:25.859 1000.0000000000 1000.0000000000 0.0000000000 1649.9999999981 1000.0000000000 510.0000000000
14:36:25.890 1000.0000000000 1000.0000000000 0.0000000000 1649.9999999981 1000.0000000000 510.0000000000
14:36:25.921 1000.0000000000 1000.0000000000 0.0000000000 1649.9999999981 1000.0000000000 510.0000000000
14:36:25.953 1000.0000000000 1000.0000000000 0.0000000000 1652.9999999981 1000.0000000000 513.0000000000
14:36:25.984 1000.0000000000 1000.0000000000 0.0000000000 1647.9999999981 1000.0000000000 508.0000000000
14:36:26.015 1000.0000000000 1000.0000000000 0.0000000000 1651.9999999981 1000.0000000000 512.0000000000
14:36:26.046 1000.0000000000 1000.0000000000 0.0000000000 1647.9999999981 1000.0000000000 508.0000000000
14:36:26.078 1000.0000000000 1000.0000000000 0.0000000000 1647.9999999981 1000.0000000000 508.0000000000
14:36:26.109 1000.0000000000 1000.0000000000 0.0000000000 1647.9999999981 1000.0000000000 508.0000000000
14:36:26.140 1000.0000000000 1000.0000000000 0.0000000000 1649.9999999981 1000.0000000000 510.0000000000
14:36:26.171 1000.0000000000 1000.0000000000 0.0000000000 1648.9999999981 1000.0000000000 509.0000000000
14:36:26.203 1000.0000000000 1000.0000000000 0.0000000000 1649.9999999981 1000.0000000000 510.0000000000
14:36:26.234 1000.0000000000 1000.0000000000 0.0000000000 1648.9999999981 1000.0000000000 509.0000000000
14:36:26.265 1000.0000000000 1000.0000000000 0.0000000000 1647.9999999981 1000.0000000000 508.0000000000
14:36:26.296 1000.0000000000 1000.0000000000 0.0000000000 1647.9999999981 1000.0000000000 508.0000000000
14:36:26.328 1000.0000000000 1000.0000000000 0.0000000000 1648.9999999981 1000.0000000000 509.0000000000
14:36:26.359 1000.0000000000 1000.0000000000 0.0000000000 1645.9999999981 1000.0000000000 506.0000000000
14:36:26.390 1000.0000000000 1000.0000000000 0.0000000000 1647.9999999981 1000.0000000000 508.0000000000
14:36:26.421 1000.0000000000 1000.0000000000 0.0000000000 1645.9999999981 1000.0000000000 506.0000000000
14:36:26.453 1000.0000000000 1000.0000000000 0.0000000000 1643.9999999981 1000.0000000000 504.0000000000
14:36:26.484 1000.0000000000 1000.0000000000 0.0000000000 1643.9999999981 1000.0000000000 504.0000000000
14:36:26.515 1000.0000000000 1000.0000000000 0.0000000000 1645.9999999981 1000.0000000000 506.0000000000
14:36:26.546 1000.0000000000 1000.0000000000 0.0000000000 1643.9999999981 1000.0000000000 504.0000000000
14:36:26.578 1000.0000000000 1000.0000000000 0.0000000000 1643.9999999981 1000.0000000000 504.0000000000
14:36:26.609 1000.0000000000 1000.0000000000 0.0000000000 1645.9999999981 1000.0000000000 506.0000000000
14:36:26.640 1000.0000000000 1000.0000000000 0.0000000000 1645.9999999981 1000.0000000000 506.0000000000
14:36:26.671 1000.0000000000 1000.0000000000 0.0000000000 1648.9999999981 1000.0000000000 509.0000000000
14:36:26.703 1000.0000000000 1000.0000000000 0.0000000000 1647.9999999981 1000.0000000000 508.0000000000
14:36:26.734 1000.0000000000 1000.0000000000 0.0000000000 1645.9999999981 1000.0000000000 506.0000000000
14:36:26.765 1000.0000000000 1000.0000000000 0.0000000000 1645.9999999981 1000.0000000000 506.0000000000
14:36:26.796 1000.0000000000 1000.0000000000 0.0000000000 1643.9999999981 1000.0000000000 504.0000000000
14:36:26.828 1000.0000000000 1000.0000000000 0.0000000000 1643.9999999981 1000.0000000000 504.0000000000
14:36:26.859 1000.0000000000 1000.0000000000 0.0000000000 1644.9999999981 1000.0000000000 505.0000000000
14:36:26.890 1000.0000000000 1000.0000000000 0.0000000000 1645.9999999981 1000.0000000000 506.0000000000
14:36:26.921 1000.0000000000 1000.0000000000 0.0000000000 1645.9999999981 1000.0000000000 506.0000000000
14:36:26.953 1000.0000000000 1000.0000000000 0.0000000000 1658.9999999981 1000.0000000000 519.0000000000
14:36:26.984 1000.0000000000 1000.0000000000 0.0000000000 1658.9999999981 1000.0000000000 519.0000000000
14:36:27.015 1000.0000000000 1000.0000000000 0.0000000000 1645.9999999981 1000.0000000000 506.0000000000
14:36:27.046 1000.0000000000 1000.0000000000 0.0000000000 1648.9999999981 1000.0000000000 509.0000000000
14:36:27.078 1000.0000000000 1000.0000000000 0.0000000000 1645.9999999981 1000.0000000000 506.0000000000
14:36:27.109 1000.0000000000 1000.0000000000 0.0000000000 1645.9999999981 1000.0000000000 506.0000000000
14:36:27.140 1000.0000000000 1000.0000000000 0.0000000000 1645.9999999981 1000.0000000000 506.0000000000
14:36:27.171 1000.0000000000 1000.0000000000 0.0000000000 1648.9999999981 1000.0000000000 509.0000000000
14:36:27.203 1000.0000000000 1000.0000000000 0.0000000000 1643.9999999981 1000.0000000000 504.0000000000
14:36:27.234 1000.0000000000 1000.0000000000 0.0000000000 1645.9999999981 1000.0000000000 506.0000000000
14:36:27.265 1000.0000000000 1000.0000000000 0.0000000000 1647.9999999981 1000.0000000000 508.0000000000
14:36:27.296 1000.0000000000 1000.0000000000 0.0000000000 1647.9999999981 1000.0000000000 508.0000000000
14:36:27.328 1000.0000000000 1000.0000000000 0.0000000000 1647.9999999981 1000.0000000000 508.0000000000
14:36:27.359 1000.0000000000 1000.0000000000 0.0000000000 1653.9999999981 1000.0000000000 514.0000000000
14:36:27.390 1000.0000000000 1000.0000000000 0.0000000000 1641.9999999981 1000.0000000000 502.0000000000
14:36:27.421 1000.0000000000 1000.0000000000 0.0000000000 1646.9999999981 1000.0000000000 507.0000000000
14:36:27.453 1000.0000000000 1000.0000000000 0.0000000000 1641.9999999981 1000.0000000000 502.0000000000
14:36:27.484 1000.0000000000 1000.0000000000 0.0000000000 1641.9999999981 1000.0000000000 502.0000000000
14:36:27.515 1000.0000000000 1000.0000000000 0.0000000000 1641.9999999981 1000.0000000000 502.0000000000
14:36:27.546 1000.0000000000 1000.0000000000 0.0000000000 1649.9999999981 1000.0000000000 510.0000000000
14:36:27.578 1000.0000000000 1000.0000000000 0.0000000000 1645.9999999981 1000.0000000000 506.0000000000
14:36:27.609 1000.0000000000 1000.0000000000 0.0000000000 1649.9999999981 1000.0000000000 510.0000000000
14:36:27.640 1000.0000000000 1000.0000000000 0.0000000000 1645.9999999981 1000.0000000000 506.0000000000
14:36:27.671 1000.0000000000 1000.0000000000 0.0000000000 1645.9999999981 1000.0000000000 506.0000000000
14:36:27.703 1000.0000000000 1000.0000000000 0.0000000000 1645.9999999981 1000.0000000000 506.0000000000
14:36:27.734 1000.0000000000 1000.0000000000 0.0000000000 1645.9999999981 1000.0000000000 506.0000000000
14:36:27.765 1000.0000000000 1000.0000000000 0.0000000000 1644.9999999981 1000.0000000000 505.0000000000
14:36:27.796 1000.0000000000 1000.0000000000 0.0000000000 1645.9999999981 1000.0000000000 506.0000000000
14:36:27.828 1000.0000000000 1000.0000000000 0.0000000000 1644.9999999981 1000.0000000000 505.0000000000
14:36:27.859 1000.0000000000 1000.0000000000 0.0000000000 1643.9999999981 1000.0000000000 504.0000000000
14:36:27.890 1000.0000000000 1000.0000000000 0.0000000000 1644.9999999981 1000.0000000000 505.0000000000
14:36:27.921 1000.0000000000 1000.0000000000 0.0000000000 1650.9999999981 1000.0000000000 511.0000000000
14:36:27.953 1000.0000000000 1000.0000000000 0.0000000000 1650.9999999981 1000.0000000000 511.0000000000
14:36:27.984 1000.0000000000 1000.0000000000 0.0000000000 1650.9999999981 1000.0000000000 511.0000000000
14:36:28.015 1000.0000000000 1000.0000000000 0.0000000000 1650.9999999981 1000.0000000000 511.0000000000
14:36:28.046 1000.0000000000 1000.0000000000 0.0000000000 1645.9999999981 1000.0000000000 506.0000000000
14:36:28.078 1000.0000000000 1000.0000000000 0.0000000000 1650.9999999981 1000.0000000000 511.0000000000
14:36:28.109 1000.0000000000 1000.0000000000 0.0000000000 1649.9999999981 1000.0000000000 510.0000000000
14:36:28.140 1000.0000000000 1000.0000000000 0.0000000000 1649.9999999981 1000.0000000000 510.0000000000
14:36:28.171 1000.0000000000 1000.0000000000 0.0000000000 1649.9999999981 1000.0000000000 510.0000000000
14:36:28.203 1000.0000000000 1000.0000000000 0.0000000000 1649.9999999981 1000.0000000000 510.0000000000
14:36:28.234 1000.0000000000 1000.0000000000 0.0000000000 1649.9999999981 1000.0000000000 510.0000000000
14:36:28.265 1000.0000000000 1000.0000000000 0.0000000000 1650.9999999981 1000.0000000000 511.0000000000
14:36:28.296 1000.0000000000 1000.0000000000 0.0000000000 1649.9999999981 1000.0000000000 510.0000000000
14:36:28.328 1000.0000000000 1000.0000000000 0.0000000000 1649.9999999981 1000.0000000000 510.0000000000
14:36:28.359 1000.0000000000 1000.0000000000 0.0000000000 1649.9999999981 1000.0000000000 510.0000000000
14:36:28.390 1000.0000000000 1000.0000000000 0.0000000000 1653.9999999981 1000.0000000000 514.0000000000
14:36:28.421 1000.0000000000 1000.0000000000 0.0000000000 1647.9999999981 1000.0000000000 508.0000000000
14:36:28.453 1000.0000000000 1000.0000000000 0.0000000000 1653.9999999981 1000.0000000000 514.0000000000
14:36:28.484 1000.0000000000 1000.0000000000 0.0000000000 1647.9999999981 1000.0000000000 508.0000000000
14:36:28.515 1000.0000000000 1000.0000000000 0.0000000000 1647.9999999981 1000.0000000000 508.0000000000
14:36:28.546 1000.0000000000 1000.0000000000 0.0000000000 1647.9999999981 1000.0000000000 508.0000000000
14:36:28.578 1000.0000000000 1000.0000000000 0.0000000000 1651.9999999981 1000.0000000000 512.0000000000
14:36:28.609 1000.0000000000 1000.0000000000 0.0000000000 1651.9999999981 1000.0000000000 512.0000000000
14:36:28.640 1000.0000000000 1000.0000000000 0.0000000000 1654.9999999981 1000.0000000000 515.0000000000
14:36:28.671 1000.0000000000 1000.0000000000 0.0000000000 1651.9999999981 1000.0000000000 512.0000000000
14:36:28.703 1000.0000000000 1000.0000000000 0.0000000000 1651.9999999981 1000.0000000000 512.0000000000
14:36:28.734 1000.0000000000 1000.0000000000 0.0000000000 1651.9999999981 1000.0000000000 512.0000000000
14:36:28.765 1000.0000000000 1000.0000000000 0.0000000000 1646.9999999981 1000.0000000000 507.0000000000
14:36:28.796 1000.0000000000 1000.0000000000 0.0000000000 1639.9999999981 1000.0000000000 500.0000000000
14:36:28.828 1000.0000000000 1000.0000000000 0.0000000000 1643.9999999981 1000.0000000000 504.0000000000
14:36:28.859 1000.0000000000 1000.0000000000 0.0000000000 1643.9999999981 1000.0000000000 504.0000000000
14:36:28.890 1000.0000000000 1000.0000000000 0.0000000000 1643.9999999981 1000.0000000000 504.0000000000
14:36:28.921 1000.0000000000 1000.0000000000 0.0000000000 1651.9999999981 1000.0000000000 512.0000000000
14:36:28.953 1000.0000000000 1000.0000000000 0.0000000000 1643.9999999981 1000.0000000000 504.0000000000
14:36:28.984 1000.0000000000 1000.0000000000 0.0000000000 1643.9999999981 1000.0000000000 504.0000000000
14:36:29.015 1000.0000000000 1000.0000000000 0.0000000000 1650.9999999981 1000.0000000000 511.0000000000
14:36:29.046 1000.0000000000 1000.0000000000 0.0000000000 1652.9999999981 1000.0000000000 513.0000000000
14:36:29.078 1000.0000000000 1000.0000000000 0.0000000000 1643.9999999981 1000.0000000000 504.0000000000
14:36:29.109 1000.0000000000 1000.0000000000 0.0000000000 1644.9999999981 1000.0000000000 505.0000000000
14:36:29.140 1000.0000000000 1000.0000000000 0.0000000000 1643.9999999981 1000.0000000000 504.0000000000
14:36:29.171 1000.0000000000 1000.0000000000 0.0000000000 1643.9999999981 1000.0000000000 504.0000000000
14:36:29.203 1000.0000000000 1000.0000000000 0.0000000000 1652.9999999981 1000.0000000000 513.0000000000
14:36:29.234 1000.0000000000 1000.0000000000 0.0000000000 1652.9999999981 1000.0000000000 513.0000000000
14:36:29.265 1000.0000000000 1000.0000000000 0.0000000000 1645.9999999981 1000.0000000000 506.0000000000
14:36:29.296 1000.0000000000 1000.0000000000 0.0000000000 1652.9999999981 1000.0000000000 513.0000000000
14:36:29.328 1000.0000000000 1000.0000000000 0.0000000000 1651.9999999981 1000.0000000000 512.0000000000
14:36:29.359 1000.0000000000 1000.0000000000 0.0000000000 1651.9999999981 1000.0000000000 512.0000000000
14:36:29.390 1000.0000000000 1000.0000000000 0.0000000000 1651.9999999981 1000.0000000000 512.0000000000
14:36:29.421 1000.0000000000 1000.0000000000 0.0000000000 1648.9999999981 1000.0000000000 509.0000000000
14:36:29.453 1000.0000000000 1000.0000000000 0.0000000000 1640.9999999981 1000.0000000000 501.0000000000
14:36:29.484 1000.0000000000 1000.0000000000 0.0000000000 1648.9999999981 1000.0000000000 509.0000000000
14:36:29.515 1000.0000000000 1000.0000000000 0.0000000000 1652.9999999981 1000.0000000000 513.0000000000
14:36:29.546 1000.0000000000 1000.0000000000 0.0000000000 1652.9999999981 1000.0000000000 513.0000000000
14:36:29.578 1000.0000000000 1000.0000000000 0.0000000000 1652.9999999981 1000.0000000000 513.0000000000
14:36:29.609 1000.0000000000 1000.0000000000 0.0000000000 1654.9999999981 1000.0000000000 515.0000000000
14:36:29.640 1000.0000000000 1000.0000000000 0.0000000000 1652.9999999981 1000.0000000000 513.0000000000
14:36:29.671 1000.0000000000 1000.0000000000 0.0000000000 1652.9999999981 1000.0000000000 513.0000000000
14:36:29.703 1000.0000000000 1000.0000000000 0.0000000000 1649.9999999981 1000.0000000000 510.0000000000
14:36:29.734 1000.0000000000 1000.0000000000 0.0000000000 1649.9999999981 1000.0000000000 510.0000000000
14:36:29.765 1000.0000000000 1000.0000000000 0.0000000000 1649.9999999981 1000.0000000000 510.0000000000
14:36:29.796 1000.0000000000 1000.0000000000 0.0000000000 1645.9999999981 1000.0000000000 506.0000000000
14:36:29.828 1000.0000000000 1000.0000000000 0.0000000000 1645.9999999981 1000.0000000000 506.0000000000
14:36:29.859 1000.0000000000 1000.0000000000 0.0000000000 1645.9999999981 1000.0000000000 506.0000000000
14:36:29.890 1000.0000000000 1000.0000000000 0.0000000000 1645.9999999981 1000.0000000000 506.0000000000
14:36:29.921 1000.0000000000 1000.0000000000 0.0000000000 1643.9999999981 1000.0000000000 504.0000000000
14:36:29.953 1000.0000000000 1000.0000000000 0.0000000000 1645.9999999981 1000.0000000000 506.0000000000
14:36:29.984 1000.0000000000 1000.0000000000 0.0000000000 1650.9999999981 1000.0000000000 511.0000000000
14:36:30.015 1000.0000000000 1000.0000000000 0.0000000000 1650.9999999981 1000.0000000000 511.0000000000
14:36:30.046 1000.0000000000 1000.0000000000 0.0000000000 1650.9999999981 1000.0000000000 511.0000000000
14:36:30.078 1000.0000000000 1000.0000000000 0.0000000000 1647.9999999981 1000.0000000000 508.0000000000
14:36:30.109 1000.0000000000 1000.0000000000 0.0000000000 1644.9999999981 1000.0000000000 505.0000000000
14:36:30.140 1000.0000000000 1000.0000000000 0.0000000000 1647.9999999981 1000.0000000000 508.0000000000
14:36:30.171 1000.0000000000 1000.0000000000 0.0000000000 1653.9999999981 1000.0000000000 514.0000000000
14:36:30.203 1000.0000000000 1000.0000000000 0.0000000000 1652.9999999981 1000.0000000000 513.0000000000
14:36:30.234 1000.0000000000 1000.0000000000 0.0000000000 1652.9999999981 1000.0000000000 513.0000000000
14:36:30.265 1000.0000000000 1000.0000000000 0.0000000000 1650.9999999981 1000.0000000000 511.0000000000
14:36:30.296 1000.0000000000 1000.0000000000 0.0000000000 1650.9999999981 1000.0000000000 511.0000000000
14:36:30.328 1000.0000000000 1000.0000000000 0.0000000000 1654.9999999981 1000.0000000000 515.0000000000
14:36:30.359 1000.0000000000 1000.0000000000 0.0000000000 1650.9999999981 1000.0000000000 511.0000000000
14:36:30.390 1000.0000000000 1000.0000000000 0.0000000000 1647.9999999981 1000.0000000000 508.0000000000
14:36:30.421 1000.0000000000 1000.0000000000 0.0000000000 1647.9999999981 1000.0000000000 508.0000000000
14:36:30.453 1000.0000000000 1000.0000000000 0.0000000000 1647.9999999981 1000.0000000000 508.0000000000
14:36:30.484 1000.0000000000 1000.0000000000 0.0000000000 1646.9999999981 1000.0000000000 507.0000000000
14:36:30.515 1000.0000000000 1000.0000000000 0.0000000000 1647.9999999981 1000.0000000000 508.0000000000
14:36:30.546 1000.0000000000 1000.0000000000 0.0000000000 1646.9999999981 1000.0000000000 507.0000000000
14:36:30.578 1000.0000000000 1000.0000000000 0.0000000000 1645.9999999981 1000.0000000000 506.0000000000
14:36:30.609 1000.0000000000 1000.0000000000 0.0000000000 1645.9999999981 1000.0000000000 506.0000000000
14:36:30.640 1000.0000000000 1000.0000000000 0.0000000000 1646.9999999981 1000.0000000000 507.0000000000
14:36:30.671 1000.0000000000 1000.0000000000 0.0000000000 1645.9999999981 1000.0000000000 506.0000000000
14:36:30.703 1000.0000000000 1000.0000000000 0.0000000000 1646.9999999981 1000.0000000000 507.0000000000
14:36:30.734 1000.0000000000 1000.0000000000 0.0000000000 1645.9999999981 1000.0000000000 506.0000000000
14:36:30.765 1000.0000000000 1000.0000000000 0.0000000000 1644.9999999981 1000.0000000000 505.0000000000
14:36:30.796 1000.0000000000 1000.0000000000 0.0000000000 1644.9999999981 1000.0000000000 505.0000000000
14:36:30.828 1000.0000000000 1000.0000000000 0.0000000000 1645.9999999981 1000.0000000000 506.0000000000
14:36:30.859 1000.0000000000 1000.0000000000 0.0000000000 1643.9999999981 1000.0000000000 504.0000000000
