Тестовая информация 0. Исходные сенсорные данные: Time, X_rob, Y_rob, Ang_rob, X_obj, Y_obj, Distance (мм, град)
14:37:09.921 1000.0000000000 1000.0000000000 0.0000000000 1725.9999999981 1000.0000000000 586.0000000000
14:37:09.953 1000.0000000000 1000.0000000000 0.0000000000 1721.9999999981 1000.0000000000 582.0000000000
14:37:09.984 1000.0000000000 1000.0000000000 0.0000000000 1725.9999999981 1000.0000000000 586.0000000000
14:37:10.015 1000.0000000000 1000.0000000000 0.0000000000 1723.9999999981 1000.0000000000 584.0000000000
14:37:10.046 1000.0000000000 1000.0000000000 0.0000000000 1723.9999999981 1000.0000000000 584.0000000000
14:37:10.078 1000.0000000000 1000.0000000000 0.0000000000 1724.9999999981 1000.0000000000 585.0000000000
14:37:10.109 1000.0000000000 1000.0000000000 0.0000000000 1723.9999999981 1000.0000000000 584.0000000000
14:37:10.140 1000.0000000000 1000.0000000000 0.0000000000 1723.9999999981 1000.0000000000 584.0000000000
14:37:10.171 1000.0000000000 1000.0000000000 0.0000000000 1723.9999999981 1000.0000000000 584.0000000000
14:37:10.203 1000.0000000000 1000.0000000000 0.0000000000 1726.9999999981 1000.0000000000 587.0000000000
14:37:10.234 1000.0000000000 1000.0000000000 0.0000000000 1726.9999999981 1000.0000000000 587.0000000000
14:37:10.265 1000.0000000000 1000.0000000000 0.0000000000 1730.9999999981 1000.0000000000 591.0000000000
14:37:10.296 1000.0000000000 1000.0000000000 0.0000000000 1732.9999999981 1000.0000000000 593.0000000000
14:37:10.328 1000.0000000000 1000.0000000000 0.0000000000 1730.9999999981 1000.0000000000 591.0000000000
14:37:10.359 1000.0000000000 1000.0000000000 0.0000000000 1732.9999999981 1000.0000000000 593.0000000000
14:37:10.390 1000.0000000000 1000.0000000000 0.0000000000 1730.9999999981 1000.0000000000 591.0000000000
14:37:10.421 1000.0000000000 1000.0000000000 0.0000000000 1727.9999999981 1000.0000000000 588.0000000000
14:37:10.453 1000.0000000000 1000.0000000000 0.0000000000 1727.9999999981 1000.0000000000 588.0000000000
14:37:10.484 1000.0000000000 1000.0000000000 0.0000000000 1724.9999999981 1000.0000000000 585.0000000000
14:37:10.515 1000.0000000000 1000.0000000000 0.0000000000 1723.9999999981 1000.0000000000 584.0000000000
14:37:10.546 1000.0000000000 1000.0000000000 0.0000000000 1724.9999999981 1000.0000000000 585.0000000000
14:37:10.578 1000.0000000000 1000.0000000000 0.0000000000 1723.9999999981 1000.0000000000 584.0000000000
14:37:10.609 1000.0000000000 1000.0000000000 0.0000000000 1722.9999999981 1000.0000000000 583.0000000000
14:37:10.640 1000.0000000000 1000.0000000000 0.0000000000 1722.9999999981 1000.0000000000 583.0000000000
14:37:10.671 1000.0000000000 1000.0000000000 0.0000000000 1723.9999999981 1000.0000000000 584.0000000000
14:37:10.703 1000.0000000000 1000.0000000000 0.0000000000 1715.9999999981 1000.0000000000 576.0000000000
14:37:10.734 1000.0000000000 1000.0000000000 0.0000000000 1722.9999999981 1000.0000000000 583.0000000000
14:37:10.765 1000.0000000000 1000.0000000000 0.0000000000 1715.9999999981 1000.0000000000 576.0000000000
14:37:10.796 1000.0000000000 1000.0000000000 0.0000000000 1715.9999999981 1000.0000000000 576.0000000000
14:37:10.828 1000.0000000000 1000.0000000000 0.0000000000 1719.9999999981 1000.0000000000 580.0000000000
14:37:10.859 1000.0000000000 1000.0000000000 0.0000000000 1722.9999999981 1000.0000000000 583.0000000000
14:37:10.890 1000.0000000000 1000.0000000000 0.0000000000 1716.9999999981 1000.0000000000 577.0000000000
14:37:10.921 1000.0000000000 1000.0000000000 0.0000000000 1719.9999999981 1000.0000000000 580.0000000000
14:37:10.953 1000.0000000000 1000.0000000000 0.0000000000 1722.9999999981 1000.0000000000 583.0000000000
14:37:10.984 1000.0000000000 1000.0000000000 0.0000000000 1721.9999999981 1000.0000000000 582.0000000000
14:37:11.015 1000.0000000000 1000.0000000000 0.0000000000 1721.9999999981 1000.0000000000 582.0000000000
14:37:11.046 1000.0000000000 1000.0000000000 0.0000000000 1720.9999999981 1000.0000000000 581.0000000000
14:37:11.078 1000.0000000000 1000.0000000000 0.0000000000 1720.9999999981 1000.0000000000 581.0000000000
14:37:11.109 1000.0000000000 1000.0000000000 0.0000000000 1720.9999999981 1000.0000000000 581.0000000000
14:37:11.140 1000.0000000000 1000.0000000000 0.0000000000 1720.9999999981 1000.0000000000 581.0000000000
14:37:11.171 1000.0000000000 1000.0000000000 0.0000000000 1720.9999999981 1000.0000000000 581.0000000000
14:37:11.203 1000.0000000000 1000.0000000000 0.0000000000 1725.9999999981 1000.0000000000 586.0000000000
14:37:11.234 1000.0000000000 1000.0000000000 0.0000000000 1720.9999999981 1000.0000000000 581.0000000000
14:37:11.265 1000.0000000000 1000.0000000000 0.0000000000 1720.9999999981 1000.0000000000 581.0000000000
14:37:11.296 1000.0000000000 1000.0000000000 0.0000000000 1725.9999999981 1000.0000000000 586.0000000000
14:37:11.328 1000.0000000000 1000.0000000000 0.0000000000 1726.9999999981 1000.0000000000 587.0000000000
14:37:11.359 1000.0000000000 1000.0000000000 0.0000000000 1720.9999999981 1000.0000000000 581.0000000000
14:37:11.390 1000.0000000000 1000.0000000000 0.0000000000 1726.9999999981 1000.0000000000 587.0000000000
14:37:11.421 1000.0000000000 1000.0000000000 0.0000000000 1722.9999999981 1000.0000000000 583.0000000000
14:37:11.453 1000.0000000000 1000.0000000000 0.0000000000 1722.9999999981 1000.0000000000 583.0000000000
14:37:11.484 1000.0000000000 1000.0000000000 0.0000000000 1726.9999999981 1000.0000000000 587.0000000000
14:37:11.515 1000.0000000000 1000.0000000000 0.0000000000 1726.9999999981 1000.0000000000 587.0000000000
14:37:11.546 1000.0000000000 1000.0000000000 0.0000000000 1722.9999999981 1000.0000000000 583.0000000000
14:37:11.578 1000.0000000000 1000.0000000000 0.0000000000 1724.9999999981 1000.0000000000 585.0000000000
14:37:11.609 1000.0000000000 1000.0000000000 0.0000000000 1722.9999999981 1000.0000000000 583.0000000000
14:37:11.640 1000.0000000000 1000.0000000000 0.0000000000 1722.9999999981 1000.0000000000 583.0000000000
14:37:11.671 1000.0000000000 1000.0000000000 0.0000000000 1722.9999999981 1000.0000000000 583.0000000000
14:37:11.703 1000.0000000000 1000.0000000000 0.0000000000 1725.9999999981 1000.0000000000 586.0000000000
14:37:11.734 1000.0000000000 1000.0000000000 0.0000000000 1717.9999999981 1000.0000000000 578.0000000000
14:37:11.765 1000.0000000000 1000.0000000000 0.0000000000 1722.9999999981 1000.0000000000 583.0000000000
14:37:11.796 1000.0000000000 1000.0000000000 0.0000000000 1722.9999999981 1000.0000000000 583.0000000000
14:37:11.828 1000.0000000000 1000.0000000000 0.0000000000 1722.9999999981 1000.0000000000 583.0000000000
14:37:11.859 1000.0000000000 1000.0000000000 0.0000000000 1722.9999999981 1000.0000000000 583.0000000000
14:37:11.890 1000.0000000000 1000.0000000000 0.0000000000 1723.9999999981 1000.0000000000 584.0000000000
14:37:11.921 1000.0000000000 1000.0000000000 0.0000000000 1723.9999999981 1000.0000000000 584.0000000000
14:37:11.953 1000.0000000000 1000.0000000000 0.0000000000 1723.9999999981 1000.0000000000 584.0000000000
14:37:11.984 1000.0000000000 1000.0000000000 0.0000000000 1723.9999999981 1000.0000000000 584.0000000000
14:37:12.015 1000.0000000000 1000.0000000000 0.0000000000 1723.9999999981 1000.0000000000 584.0000000000
14:37:12.046 1000.0000000000 1000.0000000000 0.0000000000 1723.9999999981 1000.0000000000 584.0000000000
14:37:12.078 1000.0000000000 1000.0000000000 0.0000000000 1721.9999999981 1000.0000000000 582.0000000000
14:37:12.109 1000.0000000000 1000.0000000000 0.0000000000 1721.9999999981 1000.0000000000 582.0000000000
14:37:12.140 1000.0000000000 1000.0000000000 0.0000000000 1726.9999999981 1000.0000000000 587.0000000000
14:37:12.171 1000.0000000000 1000.0000000000 0.0000000000 1721.9999999981 1000.0000000000 582.0000000000
14:37:12.203 1000.0000000000 1000.0000000000 0.0000000000 1718.9999999981 1000.0000000000 579.0000000000
14:37:12.234 1000.0000000000 1000.0000000000 0.0000000000 1721.9999999981 1000.0000000000 582.0000000000
14:37:12.265 1000.0000000000 1000.0000000000 0.0000000000 1724.9999999981 1000.0000000000 585.0000000000
14:37:12.296 1000.0000000000 1000.0000000000 0.0000000000 1722.9999999981 1000.0000000000 583.0000000000
14:37:12.328 1000.0000000000 1000.0000000000 0.0000000000 1722.9999999981 1000.0000000000 583.0000000000
14:37:12.359 1000.0000000000 1000.0000000000 0.0000000000 1724.9999999981 1000.0000000000 585.0000000000
14:37:12.390 1000.0000000000 1000.0000000000 0.0000000000 1717.9999999981 1000.0000000000 578.0000000000
14:37:12.421 1000.0000000000 1000.0000000000 0.0000000000 1724.9999999981 1000.0000000000 585.0000000000
14:37:12.453 1000.0000000000 1000.0000000000 0.0000000000 1725.9999999981 1000.0000000000 586.0000000000
14:37:12.484 1000.0000000000 1000.0000000000 0.0000000000 1725.9999999981 1000.0000000000 586.0000000000
14:37:12.515 1000.0000000000 1000.0000000000 0.0000000000 1725.9999999981 1000.0000000000 586.0000000000
14:37:12.546 1000.0000000000 1000.0000000000 0.0000000000 1723.9999999981 1000.0000000000 584.0000000000
14:37:12.578 1000.0000000000 1000.0000000000 0.0000000000 1719.9999999981 1000.0000000000 580.0000000000
14:37:12.609 1000.0000000000 1000.0000000000 0.0000000000 1723.9999999981 1000.0000000000 584.0000000000
14:37:12.640 1000.0000000000 1000.0000000000 0.0000000000 1719.9999999981 1000.0000000000 580.0000000000
14:37:12.671 1000.0000000000 1000.0000000000 0.0000000000 1719.9999999981 1000.0000000000 580.0000000000
14:37:12.703 1000.0000000000 1000.0000000000 0.0000000000 1719.9999999981 1000.0000000000 580.0000000000
14:37:12.734 1000.0000000000 1000.0000000000 0.0000000000 1723.9999999981 1000.0000000000 584.0000000000
14:37:12.765 1000.0000000000 1000.0000000000 0.0000000000 1722.9999999981 1000.0000000000 583.0000000000
14:37:12.796 1000.0000000000 1000.0000000000 0.0000000000 1723.9999999981 1000.0000000000 584.0000000000
14:37:12.828 1000.0000000000 1000.0000000000 0.0000000000 1722.9999999981 1000.0000000000 583.0000000000
14:37:12.859 1000.0000000000 1000.0000000000 0.0000000000 1721.9999999981 1000.0000000000 582.0000000000
14:37:12.890 1000.0000000000 1000.0000000000 0.0000000000 1721.9999999981 1000.0000000000 582.0000000000
14:37:12.921 1000.0000000000 1000.0000000000 0.0000000000 1722.9999999981 1000.0000000000 583.0000000000
14:37:12.953 1000.0000000000 1000.0000000000 0.0000000000 1722.9999999981 1000.0000000000 583.0000000000
14:37:12.984 1000.0000000000 1000.0000000000 0.0000000000 1723.9999999981 1000.0000000000 584.0000000000
14:37:13.015 1000.0000000000 1000.0000000000 0.0000000000 1722.9999999981 1000.0000000000 583.0000000000
14:37:13.046 1000.0000000000 1000.0000000000 0.0000000000 1720.9999999981 1000.0000000000 581.0000000000
14:37:13.078 1000.0000000000 1000.0000000000 0.0000000000 1720.9999999981 1000.0000000000 581.0000000000
14:37:13.109 1000.0000000000 1000.0000000000 0.0000000000 1722.9999999981 1000.0000000000 583.0000000000
14:37:13.140 1000.0000000000 1000.0000000000 0.0000000000 1720.9999999981 1000.0000000000 581.0000000000
14:37:13.171 1000.0000000000 1000.0000000000 0.0000000000 1722.9999999981 1000.0000000000 583.0000000000
14:37:13.203 1000.0000000000 1000.0000000000 0.0000000000 1722.9999999981 1000.0000000000 583.0000000000
14:37:13.234 1000.0000000000 1000.0000000000 0.0000000000 1722.9999999981 1000.0000000000 583.0000000000
14:37:13.265 1000.0000000000 1000.0000000000 0.0000000000 1723.9999999981 1000.0000000000 584.0000000000
14:37:13.296 1000.0000000000 1000.0000000000 0.0000000000 1722.9999999981 1000.0000000000 583.0000000000
14:37:13.328 1000.0000000000 1000.0000000000 0.0000000000 1722.9999999981 1000.0000000000 583.0000000000
14:37:13.359 1000.0000000000 1000.0000000000 0.0000000000 1722.9999999981 1000.0000000000 583.0000000000
14:37:13.390 1000.0000000000 1000.0000000000 0.0000000000 1726.9999999981 1000.0000000000 587.0000000000
14:37:13.421 1000.0000000000 1000.0000000000 0.0000000000 1721.9999999981 1000.0000000000 582.0000000000
14:37:13.453 1000.0000000000 1000.0000000000 0.0000000000 1726.9999999981 1000.0000000000 587.0000000000
14:37:13.484 1000.0000000000 1000.0000000000 0.0000000000 1723.9999999981 1000.0000000000 584.0000000000
14:37:13.515 1000.0000000000 1000.0000000000 0.0000000000 1723.9999999981 1000.0000000000 584.0000000000
14:37:13.546 1000.0000000000 1000.0000000000 0.0000000000 1723.9999999981 1000.0000000000 584.0000000000
14:37:13.578 1000.0000000000 1000.0000000000 0.0000000000 1727.9999999981 1000.0000000000 588.0000000000
14:37:13.609 1000.0000000000 1000.0000000000 0.0000000000 1721.9999999981 1000.0000000000 582.0000000000
14:37:13.640 1000.0000000000 1000.0000000000 0.0000000000 1722.9999999981 1000.0000000000 583.0000000000
14:37:13.671 1000.0000000000 1000.0000000000 0.0000000000 1721.9999999981 1000.0000000000 582.0000000000
14:37:13.703 1000.0000000000 1000.0000000000 0.0000000000 1720.9999999981 1000.0000000000 581.0000000000
14:37:13.734 1000.0000000000 1000.0000000000 0.0000000000 1720.9999999981 1000.0000000000 581.0000000000
14:37:13.765 1000.0000000000 1000.0000000000 0.0000000000 1721.9999999981 1000.0000000000 582.0000000000
14:37:13.796 1000.0000000000 1000.0000000000 0.0000000000 1716.9999999981 1000.0000000000 577.0000000000
14:37:13.828 1000.0000000000 1000.0000000000 0.0000000000 1721.9999999981 1000.0000000000 582.0000000000
14:37:13.859 1000.0000000000 1000.0000000000 0.0000000000 1722.9999999981 1000.0000000000 583.0000000000
14:37:13.890 1000.0000000000 1000.0000000000 0.0000000000 1722.9999999981 1000.0000000000 583.0000000000
14:37:13.921 1000.0000000000 1000.0000000000 0.0000000000 1722.9999999981 1000.0000000000 583.0000000000
14:37:13.953 1000.0000000000 1000.0000000000 0.0000000000 1723.9999999981 1000.0000000000 584.0000000000
14:37:13.984 1000.0000000000 1000.0000000000 0.0000000000 1716.9999999981 1000.0000000000 577.0000000000
14:37:14.015 1000.0000000000 1000.0000000000 0.0000000000 1723.9999999981 1000.0000000000 584.0000000000
14:37:14.046 1000.0000000000 1000.0000000000 0.0000000000 1718.9999999981 1000.0000000000 579.0000000000
14:37:14.078 1000.0000000000 1000.0000000000 0.0000000000 1718.9999999981 1000.0000000000 579.0000000000
14:37:14.109 1000.0000000000 1000.0000000000 0.0000000000 1718.9999999981 1000.0000000000 579.0000000000
14:37:14.140 1000.0000000000 1000.0000000000 0.0000000000 1721.9999999981 1000.0000000000 582.0000000000
14:37:14.171 1000.0000000000 1000.0000000000 0.0000000000 1721.9999999981 1000.0000000000 582.0000000000
14:37:14.203 1000.0000000000 1000.0000000000 0.0000000000 1721.9999999981 1000.0000000000 582.0000000000
14:37:14.234 1000.0000000000 1000.0000000000 0.0000000000 1723.9999999981 1000.0000000000 584.0000000000
14:37:14.265 1000.0000000000 1000.0000000000 0.0000000000 1723.9999999981 1000.0000000000 584.0000000000
14:37:14.296 1000.0000000000 1000.0000000000 0.0000000000 1725.9999999981 1000.0000000000 586.0000000000
14:37:14.328 1000.0000000000 1000.0000000000 0.0000000000 1726.9999999981 1000.0000000000 587.0000000000
14:37:14.359 1000.0000000000 1000.0000000000 0.0000000000 1723.9999999981 1000.0000000000 584.0000000000
14:37:14.390 1000.0000000000 1000.0000000000 0.0000000000 1724.9999999981 1000.0000000000 585.0000000000
14:37:14.421 1000.0000000000 1000.0000000000 0.0000000000 1726.9999999981 1000.0000000000 587.0000000000
14:37:14.453 1000.0000000000 1000.0000000000 0.0000000000 1726.9999999981 1000.0000000000 587.0000000000
14:37:14.484 1000.0000000000 1000.0000000000 0.0000000000 1729.9999999981 1000.0000000000 590.0000000000
14:37:14.515 1000.0000000000 1000.0000000000 0.0000000000 1728.9999999981 1000.0000000000 589.0000000000
14:37:14.546 1000.0000000000 1000.0000000000 0.0000000000 1728.9999999981 1000.0000000000 589.0000000000
14:37:14.578 1000.0000000000 1000.0000000000 0.0000000000 1728.9999999981 1000.0000000000 589.0000000000
14:37:14.609 1000.0000000000 1000.0000000000 0.0000000000 1725.9999999981 1000.0000000000 586.0000000000
14:37:14.640 1000.0000000000 1000.0000000000 0.0000000000 1723.9999999981 1000.0000000000 584.0000000000
14:37:14.671 1000.0000000000 1000.0000000000 0.0000000000 1725.9999999981 1000.0000000000 586.0000000000
14:37:14.703 1000.0000000000 1000.0000000000 0.0000000000 1723.9999999981 1000.0000000000 584.0000000000
14:37:14.734 1000.0000000000 1000.0000000000 0.0000000000 1723.9999999981 1000.0000000000 584.0000000000
14:37:14.765 1000.0000000000 1000.0000000000 0.0000000000 1723.9999999981 1000.0000000000 584.0000000000
14:37:14.796 1000.0000000000 1000.0000000000 0.0000000000 1725.9999999981 1000.0000000000 586.0000000000
14:37:14.828 1000.0000000000 1000.0000000000 0.0000000000 1723.9999999981 1000.0000000000 584.0000000000
14:37:14.859 1000.0000000000 1000.0000000000 0.0000000000 1725.9999999981 1000.0000000000 586.0000000000
14:37:14.890 1000.0000000000 1000.0000000000 0.0000000000 1723.9999999981 1000.0000000000 584.0000000000
14:37:14.921 1000.0000000000 1000.0000000000 0.0000000000 1721.9999999981 1000.0000000000 582.0000000000
14:37:14.953 1000.0000000000 1000.0000000000 0.0000000000 1721.9999999981 1000.0000000000 582.0000000000
14:37:14.984 1000.0000000000 1000.0000000000 0.0000000000 1723.9999999981 1000.0000000000 584.0000000000
14:37:15.015 1000.0000000000 1000.0000000000 0.0000000000 1718.9999999981 1000.0000000000 579.0000000000
14:37:15.046 1000.0000000000 1000.0000000000 0.0000000000 1723.9999999981 1000.0000000000 584.0000000000
14:37:15.078 1000.0000000000 1000.0000000000 0.0000000000 1721.9999999981 1000.0000000000 582.0000000000
14:37:15.109 1000.0000000000 1000.0000000000 0.0000000000 1721.9999999981 1000.0000000000 582.0000000000
14:37:15.140 1000.0000000000 1000.0000000000 0.0000000000 1721.9999999981 1000.0000000000 582.0000000000
14:37:15.171 1000.0000000000 1000.0000000000 0.0000000000 1721.9999999981 1000.0000000000 582.0000000000
14:37:15.203 1000.0000000000 1000.0000000000 0.0000000000 1718.9999999981 1000.0000000000 579.0000000000
14:37:15.234 1000.0000000000 1000.0000000000 0.0000000000 1719.9999999981 1000.0000000000 580.0000000000
14:37:15.265 1000.0000000000 1000.0000000000 0.0000000000 1721.9999999981 1000.0000000000 582.0000000000
14:37:15.296 1000.0000000000 1000.0000000000 0.0000000000 1721.9999999981 1000.0000000000 582.0000000000
14:37:15.328 1000.0000000000 1000.0000000000 0.0000000000 1721.9999999981 1000.0000000000 582.0000000000
14:37:15.359 1000.0000000000 1000.0000000000 0.0000000000 1723.9999999981 1000.0000000000 584.0000000000
14:37:15.390 1000.0000000000 1000.0000000000 0.0000000000 1716.9999999981 1000.0000000000 577.0000000000
14:37:15.421 1000.0000000000 1000.0000000000 0.0000000000 1718.9999999981 1000.0000000000 579.0000000000
14:37:15.453 1000.0000000000 1000.0000000000 0.0000000000 1723.9999999981 1000.0000000000 584.0000000000
14:37:15.484 1000.0000000000 1000.0000000000 0.0000000000 1723.9999999981 1000.0000000000 584.0000000000
14:37:15.515 1000.0000000000 1000.0000000000 0.0000000000 1724.9999999981 1000.0000000000 585.0000000000
14:37:15.546 1000.0000000000 1000.0000000000 0.0000000000 1723.9999999981 1000.0000000000 584.0000000000
14:37:15.578 1000.0000000000 1000.0000000000 0.0000000000 1723.9999999981 1000.0000000000 584.0000000000
14:37:15.609 1000.0000000000 1000.0000000000 0.0000000000 1723.9999999981 1000.0000000000 584.0000000000
14:37:15.640 1000.0000000000 1000.0000000000 0.0000000000 1725.9999999981 1000.0000000000 586.0000000000
14:37:15.671 1000.0000000000 1000.0000000000 0.0000000000 1719.9999999981 1000.0000000000 580.0000000000
14:37:15.703 1000.0000000000 1000.0000000000 0.0000000000 1725.9999999981 1000.0000000000 586.0000000000
14:37:15.734 1000.0000000000 1000.0000000000 0.0000000000 1719.9999999981 1000.0000000000 580.0000000000
14:37:15.765 1000.0000000000 1000.0000000000 0.0000000000 1719.9999999981 1000.0000000000 580.0000000000
14:37:15.796 1000.0000000000 1000.0000000000 0.0000000000 1721.9999999981 1000.0000000000 582.0000000000
14:37:15.828 1000.0000000000 1000.0000000000 0.0000000000 1724.9999999981 1000.0000000000 585.0000000000
14:37:15.859 1000.0000000000 1000.0000000000 0.0000000000 1719.9999999981 1000.0000000000 580.0000000000
14:37:15.890 1000.0000000000 1000.0000000000 0.0000000000 1723.9999999981 1000.0000000000 584.0000000000
14:37:15.921 1000.0000000000 1000.0000000000 0.0000000000 1719.9999999981 1000.0000000000 580.0000000000
14:37:15.953 1000.0000000000 1000.0000000000 0.0000000000 1719.9999999981 1000.0000000000 580.0000000000
14:37:15.984 1000.0000000000 1000.0000000000 0.0000000000 1719.9999999981 1000.0000000000 580.0000000000
14:37:16.015 1000.0000000000 1000.0000000000 0.0000000000 1724.9999999981 1000.0000000000 585.0000000000
14:37:16.046 1000.0000000000 1000.0000000000 0.0000000000 1715.9999999981 1000.0000000000 576.0000000000
14:37:16.078 1000.0000000000 1000.0000000000 0.0000000000 1721.9999999981 1000.0000000000 582.0000000000
14:37:16.109 1000.0000000000 1000.0000000000 0.0000000000 1718.9999999981 1000.0000000000 579.0000000000
14:37:16.140 1000.0000000000 1000.0000000000 0.0000000000 1718.9999999981 1000.0000000000 579.0000000000
14:37:16.171 1000.0000000000 1000.0000000000 0.0000000000 1718.9999999981 1000.0000000000 579.0000000000
14:37:16.203 1000.0000000000 1000.0000000000 0.0000000000 1719.9999999981 1000.0000000000 580.0000000000
14:37:16.234 1000.0000000000 1000.0000000000 0.0000000000 1719.9999999981 1000.0000000000 580.0000000000
14:37:16.265 1000.0000000000 1000.0000000000 0.0000000000 1722.9999999981 1000.0000000000 583.0000000000
14:37:16.296 1000.0000000000 1000.0000000000 0.0000000000 1722.9999999981 1000.0000000000 583.0000000000
14:37:16.328 1000.0000000000 1000.0000000000 0.0000000000 1721.9999999981 1000.0000000000 582.0000000000
14:37:16.359 1000.0000000000 1000.0000000000 0.0000000000 1722.9999999981 1000.0000000000 583.0000000000
14:37:16.390 1000.0000000000 1000.0000000000 0.0000000000 1721.9999999981 1000.0000000000 582.0000000000
14:37:16.421 1000.0000000000 1000.0000000000 0.0000000000 1721.9999999981 1000.0000000000 582.0000000000
14:37:16.453 1000.0000000000 1000.0000000000 0.0000000000 1723.9999999981 1000.0000000000 584.0000000000
14:37:16.484 1000.0000000000 1000.0000000000 0.0000000000 1723.9999999981 1000.0000000000 584.0000000000
14:37:16.515 1000.0000000000 1000.0000000000 0.0000000000 1721.9999999981 1000.0000000000 582.0000000000
14:37:16.546 1000.0000000000 1000.0000000000 0.0000000000 1723.9999999981 1000.0000000000 584.0000000000
14:37:16.578 1000.0000000000 1000.0000000000 0.0000000000 1721.9999999981 1000.0000000000 582.0000000000
14:37:16.609 1000.0000000000 1000.0000000000 0.0000000000 1721.9999999981 1000.0000000000 582.0000000000
14:37:16.640 1000.0000000000 1000.0000000000 0.0000000000 1721.9999999981 1000.0000000000 582.0000000000
14:37:16.671 1000.0000000000 1000.0000000000 0.0000000000 1726.9999999981 1000.0000000000 587.0000000000
14:37:16.703 1000.0000000000 1000.0000000000 0.0000000000 1719.9999999981 1000.0000000000 580.0000000000
14:37:16.734 1000.0000000000 1000.0000000000 0.0000000000 1725.9999999981 1000.0000000000 586.0000000000
14:37:16.765 1000.0000000000 1000.0000000000 0.0000000000 1719.9999999981 1000.0000000000 580.0000000000
14:37:16.796 1000.0000000000 1000.0000000000 0.0000000000 1719.9999999981 1000.0000000000 580.0000000000
14:37:16.828 1000.0000000000 1000.0000000000 0.0000000000 1719.9999999981 1000.0000000000 580.0000000000
14:37:16.859 1000.0000000000 1000.0000000000 0.0000000000 1724.9999999981 1000.0000000000 585.0000000000
14:37:16.890 1000.0000000000 1000.0000000000 0.0000000000 1724.9999999981 1000.0000000000 585.0000000000
14:37:16.921 1000.0000000000 1000.0000000000 0.0000000000 1725.9999999981 1000.0000000000 586.0000000000
14:37:16.953 1000.0000000000 1000.0000000000 0.0000000000 1724.9999999981 1000.0000000000 585.0000000000
14:37:16.984 1000.0000000000 1000.0000000000 0.0000000000 1724.9999999981 1000.0000000000 585.0000000000
14:37:17.015 1000.0000000000 1000.0000000000 0.0000000000 1724.9999999981 1000.0000000000 585.0000000000
14:37:17.046 1000.0000000000 1000.0000000000 0.0000000000 1720.9999999981 1000.0000000000 581.0000000000
14:37:17.078 1000.0000000000 1000.0000000000 0.0000000000 1719.9999999981 1000.0000000000 580.0000000000
14:37:17.109 1000.0000000000 1000.0000000000 0.0000000000 1720.9999999981 1000.0000000000 581.0000000000
14:37:17.140 1000.0000000000 1000.0000000000 0.0000000000 1719.9999999981 1000.0000000000 580.0000000000
14:37:17.171 1000.0000000000 1000.0000000000 0.0000000000 1718.9999999981 1000.0000000000 579.0000000000
14:37:17.203 1000.0000000000 1000.0000000000 0.0000000000 1719.9999999981 1000.0000000000 580.0000000000
14:37:17.234 1000.0000000000 1000.0000000000 0.0000000000 1725.9999999981 1000.0000000000 586.0000000000
14:37:17.265 1000.0000000000 1000.0000000000 0.0000000000 1718.9999999981 1000.0000000000 579.0000000000
14:37:17.296 1000.0000000000 1000.0000000000 0.0000000000 1720.9999999981 1000.0000000000 581.0000000000
14:37:17.328 1000.0000000000 1000.0000000000 0.0000000000 1720.9999999981 1000.0000000000 581.0000000000
14:37:17.359 1000.0000000000 1000.0000000000 0.0000000000 1720.9999999981 1000.0000000000 581.0000000000
14:37:17.390 1000.0000000000 1000.0000000000 0.0000000000 1722.9999999981 1000.0000000000 583.0000000000
14:37:17.421 1000.0000000000 1000.0000000000 0.0000000000 1724.9999999981 1000.0000000000 585.0000000000
14:37:17.453 1000.0000000000 1000.0000000000 0.0000000000 1722.9999999981 1000.0000000000 583.0000000000
14:37:17.484 1000.0000000000 1000.0000000000 0.0000000000 1724.9999999981 1000.0000000000 585.0000000000
14:37:17.515 1000.0000000000 1000.0000000000 0.0000000000 1725.9999999981 1000.0000000000 586.0000000000
14:37:17.546 1000.0000000000 1000.0000000000 0.0000000000 1725.9999999981 1000.0000000000 586.0000000000
14:37:17.578 1000.0000000000 1000.0000000000 0.0000000000 1729.9999999981 1000.0000000000 590.0000000000
14:37:17.609 1000.0000000000 1000.0000000000 0.0000000000 1726.9999999981 1000.0000000000 587.0000000000
14:37:17.640 1000.0000000000 1000.0000000000 0.0000000000 1726.9999999981 1000.0000000000 587.0000000000
14:37:17.671 1000.0000000000 1000.0000000000 0.0000000000 1726.9999999981 1000.0000000000 587.0000000000
14:37:17.703 1000.0000000000 1000.0000000000 0.0000000000 1726.9999999981 1000.0000000000 587.0000000000
14:37:17.734 1000.0000000000 1000.0000000000 0.0000000000 1721.9999999981 1000.0000000000 582.0000000000
14:37:17.765 1000.0000000000 1000.0000000000 0.0000000000 1721.9999999981 1000.0000000000 582.0000000000
14:37:17.796 1000.0000000000 1000.0000000000 0.0000000000 1720.9999999981 1000.0000000000 581.0000000000
14:37:17.828 1000.0000000000 1000.0000000000 0.0000000000 1720.9999999981 1000.0000000000 581.0000000000
14:37:17.859 1000.0000000000 1000.0000000000 0.0000000000 1722.9999999981 1000.0000000000 583.0000000000
14:37:17.890 1000.0000000000 1000.0000000000 0.0000000000 1722.9999999981 1000.0000000000 583.0000000000
14:37:17.921 1000.0000000000 1000.0000000000 0.0000000000 1720.9999999981 1000.0000000000 581.0000000000
14:37:17.953 1000.0000000000 1000.0000000000 0.0000000000 1722.9999999981 1000.0000000000 583.0000000000
14:37:17.984 1000.0000000000 1000.0000000000 0.0000000000 1720.9999999981 1000.0000000000 581.0000000000
14:37:18.015 1000.0000000000 1000.0000000000 0.0000000000 1720.9999999981 1000.0000000000 581.0000000000
14:37:18.046 1000.0000000000 1000.0000000000 0.0000000000 1724.9999999981 1000.0000000000 585.0000000000
14:37:18.078 1000.0000000000 1000.0000000000 0.0000000000 1728.9999999981 1000.0000000000 589.0000000000
14:37:18.109 1000.0000000000 1000.0000000000 0.0000000000 1720.9999999981 1000.0000000000 581.0000000000
14:37:18.140 1000.0000000000 1000.0000000000 0.0000000000 1722.9999999981 1000.0000000000 583.0000000000
14:37:18.171 1000.0000000000 1000.0000000000 0.0000000000 1720.9999999981 1000.0000000000 581.0000000000
14:37:18.203 1000.0000000000 1000.0000000000 0.0000000000 1720.9999999981 1000.0000000000 581.0000000000
14:37:18.234 1000.0000000000 1000.0000000000 0.0000000000 1720.9999999981 1000.0000000000 581.0000000000
14:37:18.265 1000.0000000000 1000.0000000000 0.0000000000 1720.9999999981 1000.0000000000 581.0000000000
14:37:18.296 1000.0000000000 1000.0000000000 0.0000000000 1720.9999999981 1000.0000000000 581.0000000000
14:37:18.328 1000.0000000000 1000.0000000000 0.0000000000 1724.9999999981 1000.0000000000 585.0000000000
14:37:18.359 1000.0000000000 1000.0000000000 0.0000000000 1722.9999999981 1000.0000000000 583.0000000000
14:37:18.390 1000.0000000000 1000.0000000000 0.0000000000 1721.9999999981 1000.0000000000 582.0000000000
14:37:18.421 1000.0000000000 1000.0000000000 0.0000000000 1721.9999999981 1000.0000000000 582.0000000000
14:37:18.453 1000.0000000000 1000.0000000000 0.0000000000 1715.9999999981 1000.0000000000 576.0000000000
14:37:18.484 1000.0000000000 1000.0000000000 0.0000000000 1715.9999999981 1000.0000000000 576.0000000000
14:37:18.515 1000.0000000000 1000.0000000000 0.0000000000 1721.9999999981 1000.0000000000 582.0000000000
14:37:18.546 1000.0000000000 1000.0000000000 0.0000000000 1717.9999999981 1000.0000000000 578.0000000000
14:37:18.578 1000.0000000000 1000.0000000000 0.0000000000 1717.9999999981 1000.0000000000 578.0000000000
14:37:18.609 1000.0000000000 1000.0000000000 0.0000000000 1717.9999999981 1000.0000000000 578.0000000000
14:37:18.640 1000.0000000000 1000.0000000000 0.0000000000 1721.9999999981 1000.0000000000 582.0000000000
14:37:18.671 1000.0000000000 1000.0000000000 0.0000000000 1721.9999999981 1000.0000000000 582.0000000000
14:37:18.703 1000.0000000000 1000.0000000000 0.0000000000 1721.9999999981 1000.0000000000 582.0000000000
14:37:18.734 1000.0000000000 1000.0000000000 0.0000000000 1725.9999999981 1000.0000000000 586.0000000000
14:37:18.765 1000.0000000000 1000.0000000000 0.0000000000 1721.9999999981 1000.0000000000 582.0000000000
14:37:18.796 1000.0000000000 1000.0000000000 0.0000000000 1723.9999999981 1000.0000000000 584.0000000000
14:37:18.828 1000.0000000000 1000.0000000000 0.0000000000 1721.9999999981 1000.0000000000 582.0000000000
14:37:18.859 1000.0000000000 1000.0000000000 0.0000000000 1721.9999999981 1000.0000000000 582.0000000000
14:37:18.890 1000.0000000000 1000.0000000000 0.0000000000 1721.9999999981 1000.0000000000 582.0000000000
14:37:18.921 1000.0000000000 1000.0000000000 0.0000000000 1724.9999999981 1000.0000000000 585.0000000000
14:37:18.953 1000.0000000000 1000.0000000000 0.0000000000 1717.9999999981 1000.0000000000 578.0000000000
14:37:18.984 1000.0000000000 1000.0000000000 0.0000000000 1724.9999999981 1000.0000000000 585.0000000000
14:37:19.015 1000.0000000000 1000.0000000000 0.0000000000 1717.9999999981 1000.0000000000 578.0000000000
14:37:19.046 1000.0000000000 1000.0000000000 0.0000000000 1717.9999999981 1000.0000000000 578.0000000000
14:37:19.078 1000.0000000000 1000.0000000000 0.0000000000 1717.9999999981 1000.0000000000 578.0000000000
14:37:19.109 1000.0000000000 1000.0000000000 0.0000000000 1721.9999999981 1000.0000000000 582.0000000000
14:37:19.140 1000.0000000000 1000.0000000000 0.0000000000 1720.9999999981 1000.0000000000 581.0000000000
14:37:19.171 1000.0000000000 1000.0000000000 0.0000000000 1721.9999999981 1000.0000000000 582.0000000000
14:37:19.203 1000.0000000000 1000.0000000000 0.0000000000 1720.9999999981 1000.0000000000 581.0000000000
14:37:19.234 1000.0000000000 1000.0000000000 0.0000000000 1720.9999999981 1000.0000000000 581.0000000000
14:37:19.265 1000.0000000000 1000.0000000000 0.0000000000 1720.9999999981 1000.0000000000 581.0000000000
14:37:19.296 1000.0000000000 1000.0000000000 0.0000000000 1721.9999999981 1000.0000000000 582.0000000000
14:37:19.328 1000.0000000000 1000.0000000000 0.0000000000 1720.9999999981 1000.0000000000 581.0000000000
14:37:19.359 1000.0000000000 1000.0000000000 0.0000000000 1721.9999999981 1000.0000000000 582.0000000000
14:37:19.390 1000.0000000000 1000.0000000000 0.0000000000 1720.9999999981 1000.0000000000 581.0000000000
14:37:19.421 1000.0000000000 1000.0000000000 0.0000000000 1718.9999999981 1000.0000000000 579.0000000000
14:37:19.453 1000.0000000000 1000.0000000000 0.0000000000 1718.9999999981 1000.0000000000 579.0000000000
14:37:19.484 1000.0000000000 1000.0000000000 0.0000000000 1720.9999999981 1000.0000000000 581.0000000000
14:37:19.515 1000.0000000000 1000.0000000000 0.0000000000 1720.9999999981 1000.0000000000 581.0000000000
14:37:19.546 1000.0000000000 1000.0000000000 0.0000000000 1721.9999999981 1000.0000000000 582.0000000000
14:37:19.578 1000.0000000000 1000.0000000000 0.0000000000 1721.9999999981 1000.0000000000 582.0000000000
14:37:19.609 1000.0000000000 1000.0000000000 0.0000000000 1721.9999999981 1000.0000000000 582.0000000000
14:37:19.640 1000.0000000000 1000.0000000000 0.0000000000 1726.9999999981 1000.0000000000 587.0000000000
14:37:19.671 1000.0000000000 1000.0000000000 0.0000000000 1721.9999999981 1000.0000000000 582.0000000000
14:37:19.703 1000.0000000000 1000.0000000000 0.0000000000 1721.9999999981 1000.0000000000 582.0000000000
14:37:19.734 1000.0000000000 1000.0000000000 0.0000000000 1724.9999999981 1000.0000000000 585.0000000000
14:37:19.765 1000.0000000000 1000.0000000000 0.0000000000 1727.9999999981 1000.0000000000 588.0000000000
14:37:19.796 1000.0000000000 1000.0000000000 0.0000000000 1723.9999999981 1000.0000000000 584.0000000000
14:37:19.828 1000.0000000000 1000.0000000000 0.0000000000 1726.9999999981 1000.0000000000 587.0000000000
14:37:19.859 1000.0000000000 1000.0000000000 0.0000000000 1723.9999999981 1000.0000000000 584.0000000000
14:37:19.890 1000.0000000000 1000.0000000000 0.0000000000 1723.9999999981 1000.0000000000 584.0000000000
14:37:19.921 1000.0000000000 1000.0000000000 0.0000000000 1725.9999999981 1000.0000000000 586.0000000000
14:37:19.953 1000.0000000000 1000.0000000000 0.0000000000 1725.9999999981 1000.0000000000 586.0000000000
14:37:19.984 1000.0000000000 1000.0000000000 0.0000000000 1723.9999999981 1000.0000000000 584.0000000000
14:37:20.015 1000.0000000000 1000.0000000000 0.0000000000 1724.9999999981 1000.0000000000 585.0000000000
14:37:20.046 1000.0000000000 1000.0000000000 0.0000000000 1723.9999999981 1000.0000000000 584.0000000000
14:37:20.078 1000.0000000000 1000.0000000000 0.0000000000 1723.9999999981 1000.0000000000 584.0000000000
14:37:20.109 1000.0000000000 1000.0000000000 0.0000000000 1723.9999999981 1000.0000000000 584.0000000000
14:37:20.140 1000.0000000000 1000.0000000000 0.0000000000 1724.9999999981 1000.0000000000 585.0000000000
14:37:20.171 1000.0000000000 1000.0000000000 0.0000000000 1723.9999999981 1000.0000000000 584.0000000000
14:37:20.203 1000.0000000000 1000.0000000000 0.0000000000 1723.9999999981 1000.0000000000 584.0000000000
14:37:20.234 1000.0000000000 1000.0000000000 0.0000000000 1722.9999999981 1000.0000000000 583.0000000000
14:37:20.265 1000.0000000000 1000.0000000000 0.0000000000 1722.9999999981 1000.0000000000 583.0000000000
14:37:20.296 1000.0000000000 1000.0000000000 0.0000000000 1722.9999999981 1000.0000000000 583.0000000000
14:37:20.328 1000.0000000000 1000.0000000000 0.0000000000 1720.9999999981 1000.0000000000 581.0000000000
14:37:20.359 1000.0000000000 1000.0000000000 0.0000000000 1718.9999999981 1000.0000000000 579.0000000000
14:37:20.390 1000.0000000000 1000.0000000000 0.0000000000 1720.9999999981 1000.0000000000 581.0000000000
14:37:20.421 1000.0000000000 1000.0000000000 0.0000000000 1720.9999999981 1000.0000000000 581.0000000000
14:37:20.453 1000.0000000000 1000.0000000000 0.0000000000 1720.9999999981 1000.0000000000 581.0000000000
14:37:20.484 1000.0000000000 1000.0000000000 0.0000000000 1722.9999999981 1000.0000000000 583.0000000000
14:37:20.515 1000.0000000000 1000.0000000000 0.0000000000 1720.9999999981 1000.0000000000 581.0000000000
14:37:20.546 1000.0000000000 1000.0000000000 0.0000000000 1720.9999999981 1000.0000000000 581.0000000000
