Тестовая информация 0. Исходные сенсорные данные: Time, X_rob, Y_rob, Ang_rob, X_obj, Y_obj, Distance (мм, град)
14:37:47.859 1000.0000000000 1000.0000000000 0.0000000000 1775.9999999981 1000.0000000000 636.0000000000
14:37:47.890 1000.0000000000 1000.0000000000 0.0000000000 1775.9999999981 1000.0000000000 636.0000000000
14:37:47.921 1000.0000000000 1000.0000000000 0.0000000000 1775.9999999981 1000.0000000000 636.0000000000
14:37:47.953 1000.0000000000 1000.0000000000 0.0000000000 1775.9999999981 1000.0000000000 636.0000000000
14:37:47.984 1000.0000000000 1000.0000000000 0.0000000000 1777.9999999981 1000.0000000000 638.0000000000
14:37:48.015 1000.0000000000 1000.0000000000 0.0000000000 1776.9999999981 1000.0000000000 637.0000000000
14:37:48.046 1000.0000000000 1000.0000000000 0.0000000000 1777.9999999981 1000.0000000000 638.0000000000
14:37:48.078 1000.0000000000 1000.0000000000 0.0000000000 1776.9999999981 1000.0000000000 637.0000000000
14:37:48.109 1000.0000000000 1000.0000000000 0.0000000000 1776.9999999981 1000.0000000000 637.0000000000
14:37:48.140 1000.0000000000 1000.0000000000 0.0000000000 1776.9999999981 1000.0000000000 637.0000000000
14:37:48.171 1000.0000000000 1000.0000000000 0.0000000000 1778.9999999981 1000.0000000000 639.0000000000
14:37:48.203 1000.0000000000 1000.0000000000 0.0000000000 1776.9999999981 1000.0000000000 637.0000000000
14:37:48.234 1000.0000000000 1000.0000000000 0.0000000000 1776.9999999981 1000.0000000000 637.0000000000
14:37:48.265 1000.0000000000 1000.0000000000 0.0000000000 1776.9999999981 1000.0000000000 637.0000000000
14:37:48.296 1000.0000000000 1000.0000000000 0.0000000000 1773.9999999981 1000.0000000000 634.0000000000
14:37:48.328 1000.0000000000 1000.0000000000 0.0000000000 1773.9999999981 1000.0000000000 634.0000000000
14:37:48.359 1000.0000000000 1000.0000000000 0.0000000000 1774.9999999981 1000.0000000000 635.0000000000
14:37:48.390 1000.0000000000 1000.0000000000 0.0000000000 1768.9999999981 1000.0000000000 629.0000000000
14:37:48.421 1000.0000000000 1000.0000000000 0.0000000000 1774.9999999981 1000.0000000000 635.0000000000
14:37:48.453 1000.0000000000 1000.0000000000 0.0000000000 1774.9999999981 1000.0000000000 635.0000000000
14:37:48.484 1000.0000000000 1000.0000000000 0.0000000000 1774.9999999981 1000.0000000000 635.0000000000
14:37:48.515 1000.0000000000 1000.0000000000 0.0000000000 1774.9999999981 1000.0000000000 635.0000000000
14:37:48.546 1000.0000000000 1000.0000000000 0.0000000000 1774.9999999981 1000.0000000000 635.0000000000
14:37:48.578 1000.0000000000 1000.0000000000 0.0000000000 1770.9999999981 1000.0000000000 631.0000000000
14:37:48.609 1000.0000000000 1000.0000000000 0.0000000000 1773.9999999981 1000.0000000000 634.0000000000
14:37:48.640 1000.0000000000 1000.0000000000 0.0000000000 1770.9999999981 1000.0000000000 631.0000000000
14:37:48.671 1000.0000000000 1000.0000000000 0.0000000000 1766.9999999981 1000.0000000000 627.0000000000
14:37:48.703 1000.0000000000 1000.0000000000 0.0000000000 1766.9999999981 1000.0000000000 627.0000000000
14:37:48.734 1000.0000000000 1000.0000000000 0.0000000000 1770.9999999981 1000.0000000000 631.0000000000
14:37:48.765 1000.0000000000 1000.0000000000 0.0000000000 1769.9999999981 1000.0000000000 630.0000000000
14:37:48.796 1000.0000000000 1000.0000000000 0.0000000000 1770.9999999981 1000.0000000000 631.0000000000
14:37:48.828 1000.0000000000 1000.0000000000 0.0000000000 1774.9999999981 1000.0000000000 635.0000000000
14:37:48.859 1000.0000000000 1000.0000000000 0.0000000000 1769.9999999981 1000.0000000000 630.0000000000
14:37:48.890 1000.0000000000 1000.0000000000 0.0000000000 1769.9999999981 1000.0000000000 630.0000000000
14:37:48.921 1000.0000000000 1000.0000000000 0.0000000000 1772.9999999981 1000.0000000000 633.0000000000
14:37:48.953 1000.0000000000 1000.0000000000 0.0000000000 1772.9999999981 1000.0000000000 633.0000000000
14:37:48.984 1000.0000000000 1000.0000000000 0.0000000000 1773.9999999981 1000.0000000000 634.0000000000
14:37:49.015 1000.0000000000 1000.0000000000 0.0000000000 1774.9999999981 1000.0000000000 635.0000000000
14:37:49.046 1000.0000000000 1000.0000000000 0.0000000000 1772.9999999981 1000.0000000000 633.0000000000
14:37:49.078 1000.0000000000 1000.0000000000 0.0000000000 1774.9999999981 1000.0000000000 635.0000000000
14:37:49.109 1000.0000000000 1000.0000000000 0.0000000000 1774.9999999981 1000.0000000000 635.0000000000
14:37:49.140 1000.0000000000 1000.0000000000 0.0000000000 1774.9999999981 1000.0000000000 635.0000000000
14:37:49.171 1000.0000000000 1000.0000000000 0.0000000000 1774.9999999981 1000.0000000000 635.0000000000
14:37:49.203 1000.0000000000 1000.0000000000 0.0000000000 1774.9999999981 1000.0000000000 635.0000000000
14:37:49.234 1000.0000000000 1000.0000000000 0.0000000000 1773.9999999981 1000.0000000000 634.0000000000
14:37:49.265 1000.0000000000 1000.0000000000 0.0000000000 1774.9999999981 1000.0000000000 635.0000000000
14:37:49.296 1000.0000000000 1000.0000000000 0.0000000000 1773.9999999981 1000.0000000000 634.0000000000
14:37:49.328 1000.0000000000 1000.0000000000 0.0000000000 1773.9999999981 1000.0000000000 634.0000000000
14:37:49.359 1000.0000000000 1000.0000000000 0.0000000000 1773.9999999981 1000.0000000000 634.0000000000
14:37:49.390 1000.0000000000 1000.0000000000 0.0000000000 1775.9999999981 1000.0000000000 636.0000000000
14:37:49.421 1000.0000000000 1000.0000000000 0.0000000000 1772.9999999981 1000.0000000000 633.0000000000
14:37:49.453 1000.0000000000 1000.0000000000 0.0000000000 1775.9999999981 1000.0000000000 636.0000000000
14:37:49.484 1000.0000000000 1000.0000000000 0.0000000000 1772.9999999981 1000.0000000000 633.0000000000
14:37:49.515 1000.0000000000 1000.0000000000 0.0000000000 1772.9999999981 1000.0000000000 633.0000000000
14:37:49.546 1000.0000000000 1000.0000000000 0.0000000000 1772.9999999981 1000.0000000000 633.0000000000
14:37:49.578 1000.0000000000 1000.0000000000 0.0000000000 1772.9999999981 1000.0000000000 633.0000000000
14:37:49.609 1000.0000000000 1000.0000000000 0.0000000000 1767.9999999981 1000.0000000000 628.0000000000
14:37:49.640 1000.0000000000 1000.0000000000 0.0000000000 1772.9999999981 1000.0000000000 633.0000000000
14:37:49.671 1000.0000000000 1000.0000000000 0.0000000000 1767.9999999981 1000.0000000000 628.0000000000
14:37:49.703 1000.0000000000 1000.0000000000 0.0000000000 1767.9999999981 1000.0000000000 628.0000000000
14:37:49.734 1000.0000000000 1000.0000000000 0.0000000000 1773.9999999981 1000.0000000000 634.0000000000
14:37:49.765 1000.0000000000 1000.0000000000 0.0000000000 1773.9999999981 1000.0000000000 634.0000000000
14:37:49.796 1000.0000000000 1000.0000000000 0.0000000000 1768.9999999981 1000.0000000000 629.0000000000
14:37:49.828 1000.0000000000 1000.0000000000 0.0000000000 1773.9999999981 1000.0000000000 634.0000000000
14:37:49.859 1000.0000000000 1000.0000000000 0.0000000000 1772.9999999981 1000.0000000000 633.0000000000
14:37:49.890 1000.0000000000 1000.0000000000 0.0000000000 1772.9999999981 1000.0000000000 633.0000000000
14:37:49.921 1000.0000000000 1000.0000000000 0.0000000000 1774.9999999981 1000.0000000000 635.0000000000
14:37:49.953 1000.0000000000 1000.0000000000 0.0000000000 1774.9999999981 1000.0000000000 635.0000000000
14:37:49.984 1000.0000000000 1000.0000000000 0.0000000000 1772.9999999981 1000.0000000000 633.0000000000
14:37:50.015 1000.0000000000 1000.0000000000 0.0000000000 1772.9999999981 1000.0000000000 633.0000000000
14:37:50.046 1000.0000000000 1000.0000000000 0.0000000000 1774.9999999981 1000.0000000000 635.0000000000
14:37:50.078 1000.0000000000 1000.0000000000 0.0000000000 1774.9999999981 1000.0000000000 635.0000000000
14:37:50.109 1000.0000000000 1000.0000000000 0.0000000000 1777.9999999981 1000.0000000000 638.0000000000
14:37:50.140 1000.0000000000 1000.0000000000 0.0000000000 1774.9999999981 1000.0000000000 635.0000000000
14:37:50.171 1000.0000000000 1000.0000000000 0.0000000000 1774.9999999981 1000.0000000000 635.0000000000
14:37:50.203 1000.0000000000 1000.0000000000 0.0000000000 1775.9999999981 1000.0000000000 636.0000000000
14:37:50.234 1000.0000000000 1000.0000000000 0.0000000000 1776.9999999981 1000.0000000000 637.0000000000
14:37:50.265 1000.0000000000 1000.0000000000 0.0000000000 1774.9999999981 1000.0000000000 635.0000000000
14:37:50.296 1000.0000000000 1000.0000000000 0.0000000000 1776.9999999981 1000.0000000000 637.0000000000
14:37:50.328 1000.0000000000 1000.0000000000 0.0000000000 1774.9999999981 1000.0000000000 635.0000000000
14:37:50.359 1000.0000000000 1000.0000000000 0.0000000000 1774.9999999981 1000.0000000000 635.0000000000
14:37:50.390 1000.0000000000 1000.0000000000 0.0000000000 1775.9999999981 1000.0000000000 636.0000000000
14:37:50.421 1000.0000000000 1000.0000000000 0.0000000000 1777.9999999981 1000.0000000000 638.0000000000
14:37:50.453 1000.0000000000 1000.0000000000 0.0000000000 1774.9999999981 1000.0000000000 635.0000000000
14:37:50.484 1000.0000000000 1000.0000000000 0.0000000000 1776.9999999981 1000.0000000000 637.0000000000
14:37:50.515 1000.0000000000 1000.0000000000 0.0000000000 1775.9999999981 1000.0000000000 636.0000000000
14:37:50.546 1000.0000000000 1000.0000000000 0.0000000000 1775.9999999981 1000.0000000000 636.0000000000
14:37:50.578 1000.0000000000 1000.0000000000 0.0000000000 1775.9999999981 1000.0000000000 636.0000000000
14:37:50.609 1000.0000000000 1000.0000000000 0.0000000000 1775.9999999981 1000.0000000000 636.0000000000
14:37:50.640 1000.0000000000 1000.0000000000 0.0000000000 1770.9999999981 1000.0000000000 631.0000000000
14:37:50.671 1000.0000000000 1000.0000000000 0.0000000000 1775.9999999981 1000.0000000000 636.0000000000
14:37:50.703 1000.0000000000 1000.0000000000 0.0000000000 1775.9999999981 1000.0000000000 636.0000000000
14:37:50.734 1000.0000000000 1000.0000000000 0.0000000000 1775.9999999981 1000.0000000000 636.0000000000
14:37:50.765 1000.0000000000 1000.0000000000 0.0000000000 1775.9999999981 1000.0000000000 636.0000000000
14:37:50.796 1000.0000000000 1000.0000000000 0.0000000000 1774.9999999981 1000.0000000000 635.0000000000
14:37:50.828 1000.0000000000 1000.0000000000 0.0000000000 1773.9999999981 1000.0000000000 634.0000000000
14:37:50.859 1000.0000000000 1000.0000000000 0.0000000000 1774.9999999981 1000.0000000000 635.0000000000
14:37:50.890 1000.0000000000 1000.0000000000 0.0000000000 1773.9999999981 1000.0000000000 634.0000000000
14:37:50.921 1000.0000000000 1000.0000000000 0.0000000000 1769.9999999981 1000.0000000000 630.0000000000
14:37:50.953 1000.0000000000 1000.0000000000 0.0000000000 1769.9999999981 1000.0000000000 630.0000000000
14:37:50.984 1000.0000000000 1000.0000000000 0.0000000000 1773.9999999981 1000.0000000000 634.0000000000
14:37:51.015 1000.0000000000 1000.0000000000 0.0000000000 1773.9999999981 1000.0000000000 634.0000000000
14:37:51.046 1000.0000000000 1000.0000000000 0.0000000000 1774.9999999981 1000.0000000000 635.0000000000
14:37:51.078 1000.0000000000 1000.0000000000 0.0000000000 1773.9999999981 1000.0000000000 634.0000000000
14:37:51.109 1000.0000000000 1000.0000000000 0.0000000000 1771.9999999981 1000.0000000000 632.0000000000
14:37:51.140 1000.0000000000 1000.0000000000 0.0000000000 1773.9999999981 1000.0000000000 634.0000000000
14:37:51.171 1000.0000000000 1000.0000000000 0.0000000000 1777.9999999981 1000.0000000000 638.0000000000
14:37:51.203 1000.0000000000 1000.0000000000 0.0000000000 1775.9999999981 1000.0000000000 636.0000000000
14:37:51.234 1000.0000000000 1000.0000000000 0.0000000000 1775.9999999981 1000.0000000000 636.0000000000
14:37:51.265 1000.0000000000 1000.0000000000 0.0000000000 1776.9999999981 1000.0000000000 637.0000000000
14:37:51.296 1000.0000000000 1000.0000000000 0.0000000000 1770.9999999981 1000.0000000000 631.0000000000
14:37:51.328 1000.0000000000 1000.0000000000 0.0000000000 1776.9999999981 1000.0000000000 637.0000000000
14:37:51.359 1000.0000000000 1000.0000000000 0.0000000000 1774.9999999981 1000.0000000000 635.0000000000
14:37:51.390 1000.0000000000 1000.0000000000 0.0000000000 1774.9999999981 1000.0000000000 635.0000000000
14:37:51.421 1000.0000000000 1000.0000000000 0.0000000000 1774.9999999981 1000.0000000000 635.0000000000
14:37:51.453 1000.0000000000 1000.0000000000 0.0000000000 1775.9999999981 1000.0000000000 636.0000000000
14:37:51.484 1000.0000000000 1000.0000000000 0.0000000000 1771.9999999981 1000.0000000000 632.0000000000
14:37:51.515 1000.0000000000 1000.0000000000 0.0000000000 1774.9999999981 1000.0000000000 635.0000000000
14:37:51.546 1000.0000000000 1000.0000000000 0.0000000000 1771.9999999981 1000.0000000000 632.0000000000
14:37:51.578 1000.0000000000 1000.0000000000 0.0000000000 1771.9999999981 1000.0000000000 632.0000000000
14:37:51.609 1000.0000000000 1000.0000000000 0.0000000000 1771.9999999981 1000.0000000000 632.0000000000
14:37:51.640 1000.0000000000 1000.0000000000 0.0000000000 1775.9999999981 1000.0000000000 636.0000000000
14:37:51.671 1000.0000000000 1000.0000000000 0.0000000000 1773.9999999981 1000.0000000000 634.0000000000
14:37:51.703 1000.0000000000 1000.0000000000 0.0000000000 1773.9999999981 1000.0000000000 634.0000000000
14:37:51.734 1000.0000000000 1000.0000000000 0.0000000000 1771.9999999981 1000.0000000000 632.0000000000
14:37:51.765 1000.0000000000 1000.0000000000 0.0000000000 1771.9999999981 1000.0000000000 632.0000000000
14:37:51.796 1000.0000000000 1000.0000000000 0.0000000000 1773.9999999981 1000.0000000000 634.0000000000
14:37:51.828 1000.0000000000 1000.0000000000 0.0000000000 1774.9999999981 1000.0000000000 635.0000000000
14:37:51.859 1000.0000000000 1000.0000000000 0.0000000000 1771.9999999981 1000.0000000000 632.0000000000
14:37:51.890 1000.0000000000 1000.0000000000 0.0000000000 1774.9999999981 1000.0000000000 635.0000000000
14:37:51.921 1000.0000000000 1000.0000000000 0.0000000000 1771.9999999981 1000.0000000000 632.0000000000
14:37:51.953 1000.0000000000 1000.0000000000 0.0000000000 1771.9999999981 1000.0000000000 632.0000000000
14:37:51.984 1000.0000000000 1000.0000000000 0.0000000000 1774.9999999981 1000.0000000000 635.0000000000
14:37:52.015 1000.0000000000 1000.0000000000 0.0000000000 1774.9999999981 1000.0000000000 635.0000000000
14:37:52.046 1000.0000000000 1000.0000000000 0.0000000000 1774.9999999981 1000.0000000000 635.0000000000
14:37:52.078 1000.0000000000 1000.0000000000 0.0000000000 1777.9999999981 1000.0000000000 638.0000000000
14:37:52.109 1000.0000000000 1000.0000000000 0.0000000000 1780.9999999981 1000.0000000000 641.0000000000
14:37:52.140 1000.0000000000 1000.0000000000 0.0000000000 1780.9999999981 1000.0000000000 641.0000000000
14:37:52.171 1000.0000000000 1000.0000000000 0.0000000000 1781.9999999981 1000.0000000000 642.0000000000
14:37:52.203 1000.0000000000 1000.0000000000 0.0000000000 1780.9999999981 1000.0000000000 641.0000000000
14:37:52.234 1000.0000000000 1000.0000000000 0.0000000000 1778.9999999981 1000.0000000000 639.0000000000
14:37:52.265 1000.0000000000 1000.0000000000 0.0000000000 1778.9999999981 1000.0000000000 639.0000000000
14:37:52.296 1000.0000000000 1000.0000000000 0.0000000000 1777.9999999981 1000.0000000000 638.0000000000
14:37:52.328 1000.0000000000 1000.0000000000 0.0000000000 1777.9999999981 1000.0000000000 638.0000000000
14:37:52.359 1000.0000000000 1000.0000000000 0.0000000000 1777.9999999981 1000.0000000000 638.0000000000
14:37:52.390 1000.0000000000 1000.0000000000 0.0000000000 1777.9999999981 1000.0000000000 638.0000000000
14:37:52.421 1000.0000000000 1000.0000000000 0.0000000000 1777.9999999981 1000.0000000000 638.0000000000
14:37:52.453 1000.0000000000 1000.0000000000 0.0000000000 1777.9999999981 1000.0000000000 638.0000000000
14:37:52.484 1000.0000000000 1000.0000000000 0.0000000000 1777.9999999981 1000.0000000000 638.0000000000
14:37:52.515 1000.0000000000 1000.0000000000 0.0000000000 1775.9999999981 1000.0000000000 636.0000000000
14:37:52.546 1000.0000000000 1000.0000000000 0.0000000000 1775.9999999981 1000.0000000000 636.0000000000
14:37:52.578 1000.0000000000 1000.0000000000 0.0000000000 1775.9999999981 1000.0000000000 636.0000000000
14:37:52.609 1000.0000000000 1000.0000000000 0.0000000000 1775.9999999981 1000.0000000000 636.0000000000
14:37:52.640 1000.0000000000 1000.0000000000 0.0000000000 1775.9999999981 1000.0000000000 636.0000000000
14:37:52.671 1000.0000000000 1000.0000000000 0.0000000000 1775.9999999981 1000.0000000000 636.0000000000
14:37:52.703 1000.0000000000 1000.0000000000 0.0000000000 1775.9999999981 1000.0000000000 636.0000000000
14:37:52.734 1000.0000000000 1000.0000000000 0.0000000000 1776.9999999981 1000.0000000000 637.0000000000
14:37:52.765 1000.0000000000 1000.0000000000 0.0000000000 1777.9999999981 1000.0000000000 638.0000000000
14:37:52.796 1000.0000000000 1000.0000000000 0.0000000000 1777.9999999981 1000.0000000000 638.0000000000
14:37:52.828 1000.0000000000 1000.0000000000 0.0000000000 1777.9999999981 1000.0000000000 638.0000000000
14:37:52.859 1000.0000000000 1000.0000000000 0.0000000000 1774.9999999981 1000.0000000000 635.0000000000
14:37:52.890 1000.0000000000 1000.0000000000 0.0000000000 1771.9999999981 1000.0000000000 632.0000000000
14:37:52.921 1000.0000000000 1000.0000000000 0.0000000000 1774.9999999981 1000.0000000000 635.0000000000
14:37:52.953 1000.0000000000 1000.0000000000 0.0000000000 1774.9999999981 1000.0000000000 635.0000000000
14:37:52.984 1000.0000000000 1000.0000000000 0.0000000000 1774.9999999981 1000.0000000000 635.0000000000
14:37:53.015 1000.0000000000 1000.0000000000 0.0000000000 1774.9999999981 1000.0000000000 635.0000000000
14:37:53.046 1000.0000000000 1000.0000000000 0.0000000000 1774.9999999981 1000.0000000000 635.0000000000
14:37:53.078 1000.0000000000 1000.0000000000 0.0000000000 1774.9999999981 1000.0000000000 635.0000000000
14:37:53.109 1000.0000000000 1000.0000000000 0.0000000000 1777.9999999981 1000.0000000000 638.0000000000
14:37:53.140 1000.0000000000 1000.0000000000 0.0000000000 1774.9999999981 1000.0000000000 635.0000000000
14:37:53.171 1000.0000000000 1000.0000000000 0.0000000000 1771.9999999981 1000.0000000000 632.0000000000
14:37:53.203 1000.0000000000 1000.0000000000 0.0000000000 1773.9999999981 1000.0000000000 634.0000000000
14:37:53.234 1000.0000000000 1000.0000000000 0.0000000000 1773.9999999981 1000.0000000000 634.0000000000
14:37:53.265 1000.0000000000 1000.0000000000 0.0000000000 1773.9999999981 1000.0000000000 634.0000000000
14:37:53.296 1000.0000000000 1000.0000000000 0.0000000000 1775.9999999981 1000.0000000000 636.0000000000
14:37:53.328 1000.0000000000 1000.0000000000 0.0000000000 1777.9999999981 1000.0000000000 638.0000000000
14:37:53.359 1000.0000000000 1000.0000000000 0.0000000000 1773.9999999981 1000.0000000000 634.0000000000
14:37:53.390 1000.0000000000 1000.0000000000 0.0000000000 1776.9999999981 1000.0000000000 637.0000000000
14:37:53.421 1000.0000000000 1000.0000000000 0.0000000000 1775.9999999981 1000.0000000000 636.0000000000
14:37:53.453 1000.0000000000 1000.0000000000 0.0000000000 1775.9999999981 1000.0000000000 636.0000000000
14:37:53.484 1000.0000000000 1000.0000000000 0.0000000000 1775.9999999981 1000.0000000000 636.0000000000
14:37:53.515 1000.0000000000 1000.0000000000 0.0000000000 1776.9999999981 1000.0000000000 637.0000000000
14:37:53.546 1000.0000000000 1000.0000000000 0.0000000000 1770.9999999981 1000.0000000000 631.0000000000
14:37:53.578 1000.0000000000 1000.0000000000 0.0000000000 1776.9999999981 1000.0000000000 637.0000000000
14:37:53.609 1000.0000000000 1000.0000000000 0.0000000000 1775.9999999981 1000.0000000000 636.0000000000
14:37:53.640 1000.0000000000 1000.0000000000 0.0000000000 1775.9999999981 1000.0000000000 636.0000000000
14:37:53.671 1000.0000000000 1000.0000000000 0.0000000000 1775.9999999981 1000.0000000000 636.0000000000
14:37:53.703 1000.0000000000 1000.0000000000 0.0000000000 1775.9999999981 1000.0000000000 636.0000000000
14:37:53.734 1000.0000000000 1000.0000000000 0.0000000000 1774.9999999981 1000.0000000000 635.0000000000
14:37:53.765 1000.0000000000 1000.0000000000 0.0000000000 1775.9999999981 1000.0000000000 636.0000000000
14:37:53.796 1000.0000000000 1000.0000000000 0.0000000000 1774.9999999981 1000.0000000000 635.0000000000
14:37:53.828 1000.0000000000 1000.0000000000 0.0000000000 1773.9999999981 1000.0000000000 634.0000000000
14:37:53.859 1000.0000000000 1000.0000000000 0.0000000000 1773.9999999981 1000.0000000000 634.0000000000
14:37:53.890 1000.0000000000 1000.0000000000 0.0000000000 1771.9999999981 1000.0000000000 632.0000000000
14:37:53.921 1000.0000000000 1000.0000000000 0.0000000000 1766.9999999981 1000.0000000000 627.0000000000
14:37:53.953 1000.0000000000 1000.0000000000 0.0000000000 1771.9999999981 1000.0000000000 632.0000000000
14:37:53.984 1000.0000000000 1000.0000000000 0.0000000000 1766.9999999981 1000.0000000000 627.0000000000
14:37:54.015 1000.0000000000 1000.0000000000 0.0000000000 1766.9999999981 1000.0000000000 627.0000000000
14:37:54.046 1000.0000000000 1000.0000000000 0.0000000000 1769.9999999981 1000.0000000000 630.0000000000
14:37:54.078 1000.0000000000 1000.0000000000 0.0000000000 1775.9999999981 1000.0000000000 636.0000000000
14:37:54.109 1000.0000000000 1000.0000000000 0.0000000000 1774.9999999981 1000.0000000000 635.0000000000
14:37:54.140 1000.0000000000 1000.0000000000 0.0000000000 1774.9999999981 1000.0000000000 635.0000000000
14:37:54.171 1000.0000000000 1000.0000000000 0.0000000000 1771.9999999981 1000.0000000000 632.0000000000
14:37:54.203 1000.0000000000 1000.0000000000 0.0000000000 1771.9999999981 1000.0000000000 632.0000000000
14:37:54.234 1000.0000000000 1000.0000000000 0.0000000000 1772.9999999981 1000.0000000000 633.0000000000
14:37:54.265 1000.0000000000 1000.0000000000 0.0000000000 1774.9999999981 1000.0000000000 635.0000000000
14:37:54.296 1000.0000000000 1000.0000000000 0.0000000000 1774.9999999981 1000.0000000000 635.0000000000
14:37:54.328 1000.0000000000 1000.0000000000 0.0000000000 1774.9999999981 1000.0000000000 635.0000000000
14:37:54.359 1000.0000000000 1000.0000000000 0.0000000000 1776.9999999981 1000.0000000000 637.0000000000
14:37:54.390 1000.0000000000 1000.0000000000 0.0000000000 1769.9999999981 1000.0000000000 630.0000000000
14:37:54.421 1000.0000000000 1000.0000000000 0.0000000000 1776.9999999981 1000.0000000000 637.0000000000
14:37:54.453 1000.0000000000 1000.0000000000 0.0000000000 1769.9999999981 1000.0000000000 630.0000000000
14:37:54.484 1000.0000000000 1000.0000000000 0.0000000000 1769.9999999981 1000.0000000000 630.0000000000
14:37:54.515 1000.0000000000 1000.0000000000 0.0000000000 1770.9999999981 1000.0000000000 631.0000000000
14:37:54.546 1000.0000000000 1000.0000000000 0.0000000000 1776.9999999981 1000.0000000000 637.0000000000
14:37:54.578 1000.0000000000 1000.0000000000 0.0000000000 1773.9999999981 1000.0000000000 634.0000000000
14:37:54.609 1000.0000000000 1000.0000000000 0.0000000000 1776.9999999981 1000.0000000000 637.0000000000
14:37:54.640 1000.0000000000 1000.0000000000 0.0000000000 1775.9999999981 1000.0000000000 636.0000000000
14:37:54.671 1000.0000000000 1000.0000000000 0.0000000000 1775.9999999981 1000.0000000000 636.0000000000
14:37:54.703 1000.0000000000 1000.0000000000 0.0000000000 1775.9999999981 1000.0000000000 636.0000000000
14:37:54.734 1000.0000000000 1000.0000000000 0.0000000000 1778.9999999981 1000.0000000000 639.0000000000
14:37:54.765 1000.0000000000 1000.0000000000 0.0000000000 1774.9999999981 1000.0000000000 635.0000000000
14:37:54.796 1000.0000000000 1000.0000000000 0.0000000000 1774.9999999981 1000.0000000000 635.0000000000
14:37:54.828 1000.0000000000 1000.0000000000 0.0000000000 1774.9999999981 1000.0000000000 635.0000000000
14:37:54.859 1000.0000000000 1000.0000000000 0.0000000000 1774.9999999981 1000.0000000000 635.0000000000
14:37:54.890 1000.0000000000 1000.0000000000 0.0000000000 1774.9999999981 1000.0000000000 635.0000000000
14:37:54.921 1000.0000000000 1000.0000000000 0.0000000000 1774.9999999981 1000.0000000000 635.0000000000
14:37:54.953 1000.0000000000 1000.0000000000 0.0000000000 1770.9999999981 1000.0000000000 631.0000000000
14:37:54.984 1000.0000000000 1000.0000000000 0.0000000000 1771.9999999981 1000.0000000000 632.0000000000
14:37:55.015 1000.0000000000 1000.0000000000 0.0000000000 1774.9999999981 1000.0000000000 635.0000000000
14:37:55.046 1000.0000000000 1000.0000000000 0.0000000000 1774.9999999981 1000.0000000000 635.0000000000
14:37:55.078 1000.0000000000 1000.0000000000 0.0000000000 1774.9999999981 1000.0000000000 635.0000000000
14:37:55.109 1000.0000000000 1000.0000000000 0.0000000000 1771.9999999981 1000.0000000000 632.0000000000
14:37:55.140 1000.0000000000 1000.0000000000 0.0000000000 1771.9999999981 1000.0000000000 632.0000000000
14:37:55.171 1000.0000000000 1000.0000000000 0.0000000000 1771.9999999981 1000.0000000000 632.0000000000
14:37:55.203 1000.0000000000 1000.0000000000 0.0000000000 1772.9999999981 1000.0000000000 633.0000000000
14:37:55.234 1000.0000000000 1000.0000000000 0.0000000000 1772.9999999981 1000.0000000000 633.0000000000
14:37:55.265 1000.0000000000 1000.0000000000 0.0000000000 1777.9999999981 1000.0000000000 638.0000000000
14:37:55.296 1000.0000000000 1000.0000000000 0.0000000000 1772.9999999981 1000.0000000000 633.0000000000
14:37:55.328 1000.0000000000 1000.0000000000 0.0000000000 1772.9999999981 1000.0000000000 633.0000000000
14:37:55.359 1000.0000000000 1000.0000000000 0.0000000000 1775.9999999981 1000.0000000000 636.0000000000
14:37:55.390 1000.0000000000 1000.0000000000 0.0000000000 1776.9999999981 1000.0000000000 637.0000000000
14:37:55.421 1000.0000000000 1000.0000000000 0.0000000000 1772.9999999981 1000.0000000000 633.0000000000
14:37:55.453 1000.0000000000 1000.0000000000 0.0000000000 1775.9999999981 1000.0000000000 636.0000000000
14:37:55.484 1000.0000000000 1000.0000000000 0.0000000000 1772.9999999981 1000.0000000000 633.0000000000
14:37:55.515 1000.0000000000 1000.0000000000 0.0000000000 1772.9999999981 1000.0000000000 633.0000000000
14:37:55.546 1000.0000000000 1000.0000000000 0.0000000000 1774.9999999981 1000.0000000000 635.0000000000
14:37:55.578 1000.0000000000 1000.0000000000 0.0000000000 1775.9999999981 1000.0000000000 636.0000000000
14:37:55.609 1000.0000000000 1000.0000000000 0.0000000000 1772.9999999981 1000.0000000000 633.0000000000
14:37:55.640 1000.0000000000 1000.0000000000 0.0000000000 1774.9999999981 1000.0000000000 635.0000000000
14:37:55.671 1000.0000000000 1000.0000000000 0.0000000000 1774.9999999981 1000.0000000000 635.0000000000
14:37:55.703 1000.0000000000 1000.0000000000 0.0000000000 1774.9999999981 1000.0000000000 635.0000000000
14:37:55.734 1000.0000000000 1000.0000000000 0.0000000000 1774.9999999981 1000.0000000000 635.0000000000
14:37:55.765 1000.0000000000 1000.0000000000 0.0000000000 1778.9999999981 1000.0000000000 639.0000000000
14:37:55.796 1000.0000000000 1000.0000000000 0.0000000000 1774.9999999981 1000.0000000000 635.0000000000
14:37:55.828 1000.0000000000 1000.0000000000 0.0000000000 1777.9999999981 1000.0000000000 638.0000000000
14:37:55.859 1000.0000000000 1000.0000000000 0.0000000000 1774.9999999981 1000.0000000000 635.0000000000
14:37:55.890 1000.0000000000 1000.0000000000 0.0000000000 1774.9999999981 1000.0000000000 635.0000000000
14:37:55.921 1000.0000000000 1000.0000000000 0.0000000000 1774.9999999981 1000.0000000000 635.0000000000
14:37:55.953 1000.0000000000 1000.0000000000 0.0000000000 1773.9999999981 1000.0000000000 634.0000000000
14:37:55.984 1000.0000000000 1000.0000000000 0.0000000000 1773.9999999981 1000.0000000000 634.0000000000
14:37:56.015 1000.0000000000 1000.0000000000 0.0000000000 1778.9999999981 1000.0000000000 639.0000000000
14:37:56.046 1000.0000000000 1000.0000000000 0.0000000000 1773.9999999981 1000.0000000000 634.0000000000
14:37:56.078 1000.0000000000 1000.0000000000 0.0000000000 1773.9999999981 1000.0000000000 634.0000000000
14:37:56.109 1000.0000000000 1000.0000000000 0.0000000000 1774.9999999981 1000.0000000000 635.0000000000
14:37:56.140 1000.0000000000 1000.0000000000 0.0000000000 1775.9999999981 1000.0000000000 636.0000000000
14:37:56.171 1000.0000000000 1000.0000000000 0.0000000000 1773.9999999981 1000.0000000000 634.0000000000
14:37:56.203 1000.0000000000 1000.0000000000 0.0000000000 1775.9999999981 1000.0000000000 636.0000000000
14:37:56.234 1000.0000000000 1000.0000000000 0.0000000000 1774.9999999981 1000.0000000000 635.0000000000
14:37:56.265 1000.0000000000 1000.0000000000 0.0000000000 1773.9999999981 1000.0000000000 634.0000000000
14:37:56.296 1000.0000000000 1000.0000000000 0.0000000000 1774.9999999981 1000.0000000000 635.0000000000
14:37:56.328 1000.0000000000 1000.0000000000 0.0000000000 1776.9999999981 1000.0000000000 637.0000000000
14:37:56.359 1000.0000000000 1000.0000000000 0.0000000000 1776.9999999981 1000.0000000000 637.0000000000
14:37:56.390 1000.0000000000 1000.0000000000 0.0000000000 1776.9999999981 1000.0000000000 637.0000000000
14:37:56.421 1000.0000000000 1000.0000000000 0.0000000000 1771.9999999981 1000.0000000000 632.0000000000
14:37:56.453 1000.0000000000 1000.0000000000 0.0000000000 1771.9999999981 1000.0000000000 632.0000000000
14:37:56.484 1000.0000000000 1000.0000000000 0.0000000000 1775.9999999981 1000.0000000000 636.0000000000
14:37:56.515 1000.0000000000 1000.0000000000 0.0000000000 1775.9999999981 1000.0000000000 636.0000000000
14:37:56.546 1000.0000000000 1000.0000000000 0.0000000000 1775.9999999981 1000.0000000000 636.0000000000
14:37:56.578 1000.0000000000 1000.0000000000 0.0000000000 1775.9999999981 1000.0000000000 636.0000000000
14:37:56.609 1000.0000000000 1000.0000000000 0.0000000000 1775.9999999981 1000.0000000000 636.0000000000
14:37:56.640 1000.0000000000 1000.0000000000 0.0000000000 1770.9999999981 1000.0000000000 631.0000000000
14:37:56.671 1000.0000000000 1000.0000000000 0.0000000000 1775.9999999981 1000.0000000000 636.0000000000
14:37:56.703 1000.0000000000 1000.0000000000 0.0000000000 1773.9999999981 1000.0000000000 634.0000000000
14:37:56.734 1000.0000000000 1000.0000000000 0.0000000000 1773.9999999981 1000.0000000000 634.0000000000
14:37:56.765 1000.0000000000 1000.0000000000 0.0000000000 1773.9999999981 1000.0000000000 634.0000000000
14:37:56.796 1000.0000000000 1000.0000000000 0.0000000000 1775.9999999981 1000.0000000000 636.0000000000
14:37:56.828 1000.0000000000 1000.0000000000 0.0000000000 1773.9999999981 1000.0000000000 634.0000000000
14:37:56.859 1000.0000000000 1000.0000000000 0.0000000000 1775.9999999981 1000.0000000000 636.0000000000
14:37:56.890 1000.0000000000 1000.0000000000 0.0000000000 1773.9999999981 1000.0000000000 634.0000000000
14:37:56.921 1000.0000000000 1000.0000000000 0.0000000000 1772.9999999981 1000.0000000000 633.0000000000
14:37:56.953 1000.0000000000 1000.0000000000 0.0000000000 1773.9999999981 1000.0000000000 634.0000000000
14:37:56.984 1000.0000000000 1000.0000000000 0.0000000000 1773.9999999981 1000.0000000000 634.0000000000
14:37:57.015 1000.0000000000 1000.0000000000 0.0000000000 1772.9999999981 1000.0000000000 633.0000000000
14:37:57.046 1000.0000000000 1000.0000000000 0.0000000000 1773.9999999981 1000.0000000000 634.0000000000
14:37:57.078 1000.0000000000 1000.0000000000 0.0000000000 1775.9999999981 1000.0000000000 636.0000000000
14:37:57.109 1000.0000000000 1000.0000000000 0.0000000000 1775.9999999981 1000.0000000000 636.0000000000
14:37:57.140 1000.0000000000 1000.0000000000 0.0000000000 1775.9999999981 1000.0000000000 636.0000000000
14:37:57.171 1000.0000000000 1000.0000000000 0.0000000000 1774.9999999981 1000.0000000000 635.0000000000
14:37:57.203 1000.0000000000 1000.0000000000 0.0000000000 1770.9999999981 1000.0000000000 631.0000000000
14:37:57.234 1000.0000000000 1000.0000000000 0.0000000000 1772.9999999981 1000.0000000000 633.0000000000
14:37:57.265 1000.0000000000 1000.0000000000 0.0000000000 1774.9999999981 1000.0000000000 635.0000000000
14:37:57.296 1000.0000000000 1000.0000000000 0.0000000000 1774.9999999981 1000.0000000000 635.0000000000
14:37:57.328 1000.0000000000 1000.0000000000 0.0000000000 1778.9999999981 1000.0000000000 639.0000000000
14:37:57.359 1000.0000000000 1000.0000000000 0.0000000000 1774.9999999981 1000.0000000000 635.0000000000
14:37:57.390 1000.0000000000 1000.0000000000 0.0000000000 1771.9999999981 1000.0000000000 632.0000000000
14:37:57.421 1000.0000000000 1000.0000000000 0.0000000000 1772.9999999981 1000.0000000000 633.0000000000
14:37:57.453 1000.0000000000 1000.0000000000 0.0000000000 1773.9999999981 1000.0000000000 634.0000000000
14:37:57.484 1000.0000000000 1000.0000000000 0.0000000000 1771.9999999981 1000.0000000000 632.0000000000
14:37:57.515 1000.0000000000 1000.0000000000 0.0000000000 1773.9999999981 1000.0000000000 634.0000000000
14:37:57.546 1000.0000000000 1000.0000000000 0.0000000000 1771.9999999981 1000.0000000000 632.0000000000
14:37:57.578 1000.0000000000 1000.0000000000 0.0000000000 1771.9999999981 1000.0000000000 632.0000000000
14:37:57.609 1000.0000000000 1000.0000000000 0.0000000000 1776.9999999981 1000.0000000000 637.0000000000
14:37:57.640 1000.0000000000 1000.0000000000 0.0000000000 1778.9999999981 1000.0000000000 639.0000000000
14:37:57.671 1000.0000000000 1000.0000000000 0.0000000000 1771.9999999981 1000.0000000000 632.0000000000
14:37:57.703 1000.0000000000 1000.0000000000 0.0000000000 1776.9999999981 1000.0000000000 637.0000000000
14:37:57.734 1000.0000000000 1000.0000000000 0.0000000000 1771.9999999981 1000.0000000000 632.0000000000
14:37:57.765 1000.0000000000 1000.0000000000 0.0000000000 1771.9999999981 1000.0000000000 632.0000000000
14:37:57.796 1000.0000000000 1000.0000000000 0.0000000000 1774.9999999981 1000.0000000000 635.0000000000
14:37:57.828 1000.0000000000 1000.0000000000 0.0000000000 1777.9999999981 1000.0000000000 638.0000000000
14:37:57.859 1000.0000000000 1000.0000000000 0.0000000000 1771.9999999981 1000.0000000000 632.0000000000
14:37:57.890 1000.0000000000 1000.0000000000 0.0000000000 1775.9999999981 1000.0000000000 636.0000000000
14:37:57.921 1000.0000000000 1000.0000000000 0.0000000000 1777.9999999981 1000.0000000000 638.0000000000
14:37:57.953 1000.0000000000 1000.0000000000 0.0000000000 1777.9999999981 1000.0000000000 638.0000000000
14:37:57.984 1000.0000000000 1000.0000000000 0.0000000000 1777.9999999981 1000.0000000000 638.0000000000
14:37:58.015 1000.0000000000 1000.0000000000 0.0000000000 1775.9999999981 1000.0000000000 636.0000000000
14:37:58.046 1000.0000000000 1000.0000000000 0.0000000000 1770.9999999981 1000.0000000000 631.0000000000
14:37:58.078 1000.0000000000 1000.0000000000 0.0000000000 1774.9999999981 1000.0000000000 635.0000000000
14:37:58.109 1000.0000000000 1000.0000000000 0.0000000000 1770.9999999981 1000.0000000000 631.0000000000
14:37:58.140 1000.0000000000 1000.0000000000 0.0000000000 1768.9999999981 1000.0000000000 629.0000000000
14:37:58.171 1000.0000000000 1000.0000000000 0.0000000000 1770.9999999981 1000.0000000000 631.0000000000
14:37:58.203 1000.0000000000 1000.0000000000 0.0000000000 1770.9999999981 1000.0000000000 631.0000000000
14:37:58.234 1000.0000000000 1000.0000000000 0.0000000000 1770.9999999981 1000.0000000000 631.0000000000
14:37:58.265 1000.0000000000 1000.0000000000 0.0000000000 1778.9999999981 1000.0000000000 639.0000000000
14:37:58.296 1000.0000000000 1000.0000000000 0.0000000000 1772.9999999981 1000.0000000000 633.0000000000
14:37:58.328 1000.0000000000 1000.0000000000 0.0000000000 1772.9999999981 1000.0000000000 633.0000000000
14:37:58.359 1000.0000000000 1000.0000000000 0.0000000000 1774.9999999981 1000.0000000000 635.0000000000
14:37:58.390 1000.0000000000 1000.0000000000 0.0000000000 1776.9999999981 1000.0000000000 637.0000000000
14:37:58.421 1000.0000000000 1000.0000000000 0.0000000000 1774.9999999981 1000.0000000000 635.0000000000
14:37:58.453 1000.0000000000 1000.0000000000 0.0000000000 1774.9999999981 1000.0000000000 635.0000000000
