Тестовая информация 0. Исходные сенсорные данные: Time, X_rob, Y_rob, Ang_rob, X_obj, Y_obj, Distance (мм, град)
14:38:21.765 1000.0000000000 1000.0000000000 0.0000000000 1813.9999999981 1000.0000000000 674.0000000000
14:38:21.796 1000.0000000000 1000.0000000000 0.0000000000 1813.9999999981 1000.0000000000 674.0000000000
14:38:21.828 1000.0000000000 1000.0000000000 0.0000000000 1811.9999999981 1000.0000000000 672.0000000000
14:38:21.859 1000.0000000000 1000.0000000000 0.0000000000 1811.9999999981 1000.0000000000 672.0000000000
14:38:21.890 1000.0000000000 1000.0000000000 0.0000000000 1811.9999999981 1000.0000000000 672.0000000000
14:38:21.921 1000.0000000000 1000.0000000000 0.0000000000 1811.9999999981 1000.0000000000 672.0000000000
14:38:21.953 1000.0000000000 1000.0000000000 0.0000000000 1811.9999999981 1000.0000000000 672.0000000000
14:38:21.984 1000.0000000000 1000.0000000000 0.0000000000 1811.9999999981 1000.0000000000 672.0000000000
14:38:22.015 1000.0000000000 1000.0000000000 0.0000000000 1812.9999999981 1000.0000000000 673.0000000000
14:38:22.046 1000.0000000000 1000.0000000000 0.0000000000 1812.9999999981 1000.0000000000 673.0000000000
14:38:22.078 1000.0000000000 1000.0000000000 0.0000000000 1817.9999999981 1000.0000000000 678.0000000000
14:38:22.109 1000.0000000000 1000.0000000000 0.0000000000 1812.9999999981 1000.0000000000 673.0000000000
14:38:22.140 1000.0000000000 1000.0000000000 0.0000000000 1812.9999999981 1000.0000000000 673.0000000000
14:38:22.171 1000.0000000000 1000.0000000000 0.0000000000 1812.9999999981 1000.0000000000 673.0000000000
14:38:22.203 1000.0000000000 1000.0000000000 0.0000000000 1816.9999999981 1000.0000000000 677.0000000000
14:38:22.234 1000.0000000000 1000.0000000000 0.0000000000 1811.9999999981 1000.0000000000 672.0000000000
14:38:22.265 1000.0000000000 1000.0000000000 0.0000000000 1816.9999999981 1000.0000000000 677.0000000000
14:38:22.296 1000.0000000000 1000.0000000000 0.0000000000 1811.9999999981 1000.0000000000 672.0000000000
14:38:22.328 1000.0000000000 1000.0000000000 0.0000000000 1811.9999999981 1000.0000000000 672.0000000000
14:38:22.359 1000.0000000000 1000.0000000000 0.0000000000 1813.9999999981 1000.0000000000 674.0000000000
14:38:22.390 1000.0000000000 1000.0000000000 0.0000000000 1813.9999999981 1000.0000000000 674.0000000000
14:38:22.421 1000.0000000000 1000.0000000000 0.0000000000 1811.9999999981 1000.0000000000 672.0000000000
14:38:22.453 1000.0000000000 1000.0000000000 0.0000000000 1813.9999999981 1000.0000000000 674.0000000000
14:38:22.484 1000.0000000000 1000.0000000000 0.0000000000 1811.9999999981 1000.0000000000 672.0000000000
14:38:22.515 1000.0000000000 1000.0000000000 0.0000000000 1811.9999999981 1000.0000000000 672.0000000000
14:38:22.546 1000.0000000000 1000.0000000000 0.0000000000 1811.9999999981 1000.0000000000 672.0000000000
14:38:22.578 1000.0000000000 1000.0000000000 0.0000000000 1814.9999999981 1000.0000000000 675.0000000000
14:38:22.609 1000.0000000000 1000.0000000000 0.0000000000 1811.9999999981 1000.0000000000 672.0000000000
14:38:22.640 1000.0000000000 1000.0000000000 0.0000000000 1813.9999999981 1000.0000000000 674.0000000000
14:38:22.671 1000.0000000000 1000.0000000000 0.0000000000 1814.9999999981 1000.0000000000 675.0000000000
14:38:22.703 1000.0000000000 1000.0000000000 0.0000000000 1814.9999999981 1000.0000000000 675.0000000000
14:38:22.734 1000.0000000000 1000.0000000000 0.0000000000 1814.9999999981 1000.0000000000 675.0000000000
14:38:22.765 1000.0000000000 1000.0000000000 0.0000000000 1816.9999999981 1000.0000000000 677.0000000000
14:38:22.796 1000.0000000000 1000.0000000000 0.0000000000 1813.9999999981 1000.0000000000 674.0000000000
14:38:22.828 1000.0000000000 1000.0000000000 0.0000000000 1816.9999999981 1000.0000000000 677.0000000000
14:38:22.859 1000.0000000000 1000.0000000000 0.0000000000 1813.9999999981 1000.0000000000 674.0000000000
14:38:22.890 1000.0000000000 1000.0000000000 0.0000000000 1810.9999999981 1000.0000000000 671.0000000000
14:38:22.921 1000.0000000000 1000.0000000000 0.0000000000 1810.9999999981 1000.0000000000 671.0000000000
14:38:22.953 1000.0000000000 1000.0000000000 0.0000000000 1810.9999999981 1000.0000000000 671.0000000000
14:38:22.984 1000.0000000000 1000.0000000000 0.0000000000 1810.9999999981 1000.0000000000 671.0000000000
14:38:23.015 1000.0000000000 1000.0000000000 0.0000000000 1816.9999999981 1000.0000000000 677.0000000000
14:38:23.046 1000.0000000000 1000.0000000000 0.0000000000 1817.9999999981 1000.0000000000 678.0000000000
14:38:23.078 1000.0000000000 1000.0000000000 0.0000000000 1811.9999999981 1000.0000000000 672.0000000000
14:38:23.109 1000.0000000000 1000.0000000000 0.0000000000 1812.9999999981 1000.0000000000 673.0000000000
14:38:23.140 1000.0000000000 1000.0000000000 0.0000000000 1814.9999999981 1000.0000000000 675.0000000000
14:38:23.171 1000.0000000000 1000.0000000000 0.0000000000 1813.9999999981 1000.0000000000 674.0000000000
14:38:23.203 1000.0000000000 1000.0000000000 0.0000000000 1813.9999999981 1000.0000000000 674.0000000000
14:38:23.234 1000.0000000000 1000.0000000000 0.0000000000 1814.9999999981 1000.0000000000 675.0000000000
14:38:23.265 1000.0000000000 1000.0000000000 0.0000000000 1810.9999999981 1000.0000000000 671.0000000000
14:38:23.296 1000.0000000000 1000.0000000000 0.0000000000 1814.9999999981 1000.0000000000 675.0000000000
14:38:23.328 1000.0000000000 1000.0000000000 0.0000000000 1815.9999999981 1000.0000000000 676.0000000000
14:38:23.359 1000.0000000000 1000.0000000000 0.0000000000 1815.9999999981 1000.0000000000 676.0000000000
14:38:23.390 1000.0000000000 1000.0000000000 0.0000000000 1815.9999999981 1000.0000000000 676.0000000000
14:38:23.421 1000.0000000000 1000.0000000000 0.0000000000 1816.9999999981 1000.0000000000 677.0000000000
14:38:23.453 1000.0000000000 1000.0000000000 0.0000000000 1810.9999999981 1000.0000000000 671.0000000000
14:38:23.484 1000.0000000000 1000.0000000000 0.0000000000 1815.9999999981 1000.0000000000 676.0000000000
14:38:23.515 1000.0000000000 1000.0000000000 0.0000000000 1810.9999999981 1000.0000000000 671.0000000000
14:38:23.546 1000.0000000000 1000.0000000000 0.0000000000 1810.9999999981 1000.0000000000 671.0000000000
14:38:23.578 1000.0000000000 1000.0000000000 0.0000000000 1810.9999999981 1000.0000000000 671.0000000000
14:38:23.609 1000.0000000000 1000.0000000000 0.0000000000 1814.9999999981 1000.0000000000 675.0000000000
14:38:23.640 1000.0000000000 1000.0000000000 0.0000000000 1814.9999999981 1000.0000000000 675.0000000000
14:38:23.671 1000.0000000000 1000.0000000000 0.0000000000 1821.9999999981 1000.0000000000 682.0000000000
14:38:23.703 1000.0000000000 1000.0000000000 0.0000000000 1814.9999999981 1000.0000000000 675.0000000000
14:38:23.734 1000.0000000000 1000.0000000000 0.0000000000 1814.9999999981 1000.0000000000 675.0000000000
14:38:23.765 1000.0000000000 1000.0000000000 0.0000000000 1817.9999999981 1000.0000000000 678.0000000000
14:38:23.796 1000.0000000000 1000.0000000000 0.0000000000 1816.9999999981 1000.0000000000 677.0000000000
14:38:23.828 1000.0000000000 1000.0000000000 0.0000000000 1814.9999999981 1000.0000000000 675.0000000000
14:38:23.859 1000.0000000000 1000.0000000000 0.0000000000 1814.9999999981 1000.0000000000 675.0000000000
14:38:23.890 1000.0000000000 1000.0000000000 0.0000000000 1814.9999999981 1000.0000000000 675.0000000000
14:38:23.921 1000.0000000000 1000.0000000000 0.0000000000 1814.9999999981 1000.0000000000 675.0000000000
14:38:23.953 1000.0000000000 1000.0000000000 0.0000000000 1814.9999999981 1000.0000000000 675.0000000000
14:38:23.984 1000.0000000000 1000.0000000000 0.0000000000 1816.9999999981 1000.0000000000 677.0000000000
14:38:24.015 1000.0000000000 1000.0000000000 0.0000000000 1816.9999999981 1000.0000000000 677.0000000000
14:38:24.046 1000.0000000000 1000.0000000000 0.0000000000 1818.9999999981 1000.0000000000 679.0000000000
14:38:24.078 1000.0000000000 1000.0000000000 0.0000000000 1819.9999999981 1000.0000000000 680.0000000000
14:38:24.109 1000.0000000000 1000.0000000000 0.0000000000 1816.9999999981 1000.0000000000 677.0000000000
14:38:24.140 1000.0000000000 1000.0000000000 0.0000000000 1816.9999999981 1000.0000000000 677.0000000000
14:38:24.171 1000.0000000000 1000.0000000000 0.0000000000 1812.9999999981 1000.0000000000 673.0000000000
14:38:24.203 1000.0000000000 1000.0000000000 0.0000000000 1811.9999999981 1000.0000000000 672.0000000000
14:38:24.234 1000.0000000000 1000.0000000000 0.0000000000 1811.9999999981 1000.0000000000 672.0000000000
14:38:24.265 1000.0000000000 1000.0000000000 0.0000000000 1812.9999999981 1000.0000000000 673.0000000000
14:38:24.296 1000.0000000000 1000.0000000000 0.0000000000 1812.9999999981 1000.0000000000 673.0000000000
14:38:24.328 1000.0000000000 1000.0000000000 0.0000000000 1814.9999999981 1000.0000000000 675.0000000000
14:38:24.359 1000.0000000000 1000.0000000000 0.0000000000 1812.9999999981 1000.0000000000 673.0000000000
14:38:24.390 1000.0000000000 1000.0000000000 0.0000000000 1812.9999999981 1000.0000000000 673.0000000000
14:38:24.421 1000.0000000000 1000.0000000000 0.0000000000 1813.9999999981 1000.0000000000 674.0000000000
14:38:24.453 1000.0000000000 1000.0000000000 0.0000000000 1812.9999999981 1000.0000000000 673.0000000000
14:38:24.484 1000.0000000000 1000.0000000000 0.0000000000 1812.9999999981 1000.0000000000 673.0000000000
14:38:24.515 1000.0000000000 1000.0000000000 0.0000000000 1812.9999999981 1000.0000000000 673.0000000000
14:38:24.546 1000.0000000000 1000.0000000000 0.0000000000 1806.9999999981 1000.0000000000 667.0000000000
14:38:24.578 1000.0000000000 1000.0000000000 0.0000000000 1806.9999999981 1000.0000000000 667.0000000000
14:38:24.609 1000.0000000000 1000.0000000000 0.0000000000 1811.9999999981 1000.0000000000 672.0000000000
14:38:24.640 1000.0000000000 1000.0000000000 0.0000000000 1815.9999999981 1000.0000000000 676.0000000000
14:38:24.671 1000.0000000000 1000.0000000000 0.0000000000 1807.9999999981 1000.0000000000 668.0000000000
14:38:24.703 1000.0000000000 1000.0000000000 0.0000000000 1815.9999999981 1000.0000000000 676.0000000000
14:38:24.734 1000.0000000000 1000.0000000000 0.0000000000 1809.9999999981 1000.0000000000 670.0000000000
14:38:24.765 1000.0000000000 1000.0000000000 0.0000000000 1809.9999999981 1000.0000000000 670.0000000000
14:38:24.796 1000.0000000000 1000.0000000000 0.0000000000 1809.9999999981 1000.0000000000 670.0000000000
14:38:24.828 1000.0000000000 1000.0000000000 0.0000000000 1808.9999999981 1000.0000000000 669.0000000000
14:38:24.859 1000.0000000000 1000.0000000000 0.0000000000 1807.9999999981 1000.0000000000 668.0000000000
14:38:24.890 1000.0000000000 1000.0000000000 0.0000000000 1808.9999999981 1000.0000000000 669.0000000000
14:38:24.921 1000.0000000000 1000.0000000000 0.0000000000 1810.9999999981 1000.0000000000 671.0000000000
14:38:24.953 1000.0000000000 1000.0000000000 0.0000000000 1810.9999999981 1000.0000000000 671.0000000000
14:38:24.984 1000.0000000000 1000.0000000000 0.0000000000 1810.9999999981 1000.0000000000 671.0000000000
14:38:25.015 1000.0000000000 1000.0000000000 0.0000000000 1807.9999999981 1000.0000000000 668.0000000000
14:38:25.046 1000.0000000000 1000.0000000000 0.0000000000 1807.9999999981 1000.0000000000 668.0000000000
14:38:25.078 1000.0000000000 1000.0000000000 0.0000000000 1807.9999999981 1000.0000000000 668.0000000000
14:38:25.109 1000.0000000000 1000.0000000000 0.0000000000 1807.9999999981 1000.0000000000 668.0000000000
14:38:25.140 1000.0000000000 1000.0000000000 0.0000000000 1807.9999999981 1000.0000000000 668.0000000000
14:38:25.171 1000.0000000000 1000.0000000000 0.0000000000 1808.9999999981 1000.0000000000 669.0000000000
14:38:25.203 1000.0000000000 1000.0000000000 0.0000000000 1809.9999999981 1000.0000000000 670.0000000000
14:38:25.234 1000.0000000000 1000.0000000000 0.0000000000 1807.9999999981 1000.0000000000 668.0000000000
14:38:25.265 1000.0000000000 1000.0000000000 0.0000000000 1809.9999999981 1000.0000000000 670.0000000000
14:38:25.296 1000.0000000000 1000.0000000000 0.0000000000 1812.9999999981 1000.0000000000 673.0000000000
14:38:25.328 1000.0000000000 1000.0000000000 0.0000000000 1807.9999999981 1000.0000000000 668.0000000000
14:38:25.359 1000.0000000000 1000.0000000000 0.0000000000 1812.9999999981 1000.0000000000 673.0000000000
14:38:25.390 1000.0000000000 1000.0000000000 0.0000000000 1810.9999999981 1000.0000000000 671.0000000000
14:38:25.421 1000.0000000000 1000.0000000000 0.0000000000 1810.9999999981 1000.0000000000 671.0000000000
14:38:25.453 1000.0000000000 1000.0000000000 0.0000000000 1811.9999999981 1000.0000000000 672.0000000000
14:38:25.484 1000.0000000000 1000.0000000000 0.0000000000 1814.9999999981 1000.0000000000 675.0000000000
14:38:25.515 1000.0000000000 1000.0000000000 0.0000000000 1810.9999999981 1000.0000000000 671.0000000000
14:38:25.546 1000.0000000000 1000.0000000000 0.0000000000 1813.9999999981 1000.0000000000 674.0000000000
14:38:25.578 1000.0000000000 1000.0000000000 0.0000000000 1814.9999999981 1000.0000000000 675.0000000000
14:38:25.609 1000.0000000000 1000.0000000000 0.0000000000 1814.9999999981 1000.0000000000 675.0000000000
14:38:25.640 1000.0000000000 1000.0000000000 0.0000000000 1814.9999999981 1000.0000000000 675.0000000000
14:38:25.671 1000.0000000000 1000.0000000000 0.0000000000 1813.9999999981 1000.0000000000 674.0000000000
14:38:25.703 1000.0000000000 1000.0000000000 0.0000000000 1811.9999999981 1000.0000000000 672.0000000000
14:38:25.734 1000.0000000000 1000.0000000000 0.0000000000 1813.9999999981 1000.0000000000 674.0000000000
14:38:25.765 1000.0000000000 1000.0000000000 0.0000000000 1811.9999999981 1000.0000000000 672.0000000000
14:38:25.796 1000.0000000000 1000.0000000000 0.0000000000 1811.9999999981 1000.0000000000 672.0000000000
14:38:25.828 1000.0000000000 1000.0000000000 0.0000000000 1811.9999999981 1000.0000000000 672.0000000000
14:38:25.859 1000.0000000000 1000.0000000000 0.0000000000 1811.9999999981 1000.0000000000 672.0000000000
14:38:25.890 1000.0000000000 1000.0000000000 0.0000000000 1811.9999999981 1000.0000000000 672.0000000000
14:38:25.921 1000.0000000000 1000.0000000000 0.0000000000 1811.9999999981 1000.0000000000 672.0000000000
14:38:25.953 1000.0000000000 1000.0000000000 0.0000000000 1811.9999999981 1000.0000000000 672.0000000000
14:38:25.984 1000.0000000000 1000.0000000000 0.0000000000 1811.9999999981 1000.0000000000 672.0000000000
14:38:26.015 1000.0000000000 1000.0000000000 0.0000000000 1813.9999999981 1000.0000000000 674.0000000000
14:38:26.046 1000.0000000000 1000.0000000000 0.0000000000 1815.9999999981 1000.0000000000 676.0000000000
14:38:26.078 1000.0000000000 1000.0000000000 0.0000000000 1815.9999999981 1000.0000000000 676.0000000000
14:38:26.109 1000.0000000000 1000.0000000000 0.0000000000 1817.9999999981 1000.0000000000 678.0000000000
14:38:26.140 1000.0000000000 1000.0000000000 0.0000000000 1815.9999999981 1000.0000000000 676.0000000000
14:38:26.171 1000.0000000000 1000.0000000000 0.0000000000 1813.9999999981 1000.0000000000 674.0000000000
14:38:26.203 1000.0000000000 1000.0000000000 0.0000000000 1815.9999999981 1000.0000000000 676.0000000000
14:38:26.234 1000.0000000000 1000.0000000000 0.0000000000 1814.9999999981 1000.0000000000 675.0000000000
14:38:26.265 1000.0000000000 1000.0000000000 0.0000000000 1814.9999999981 1000.0000000000 675.0000000000
14:38:26.296 1000.0000000000 1000.0000000000 0.0000000000 1814.9999999981 1000.0000000000 675.0000000000
14:38:26.328 1000.0000000000 1000.0000000000 0.0000000000 1814.9999999981 1000.0000000000 675.0000000000
14:38:26.359 1000.0000000000 1000.0000000000 0.0000000000 1812.9999999981 1000.0000000000 673.0000000000
14:38:26.390 1000.0000000000 1000.0000000000 0.0000000000 1814.9999999981 1000.0000000000 675.0000000000
14:38:26.421 1000.0000000000 1000.0000000000 0.0000000000 1821.9999999981 1000.0000000000 682.0000000000
14:38:26.453 1000.0000000000 1000.0000000000 0.0000000000 1820.9999999981 1000.0000000000 681.0000000000
14:38:26.484 1000.0000000000 1000.0000000000 0.0000000000 1820.9999999981 1000.0000000000 681.0000000000
14:38:26.515 1000.0000000000 1000.0000000000 0.0000000000 1814.9999999981 1000.0000000000 675.0000000000
14:38:26.546 1000.0000000000 1000.0000000000 0.0000000000 1814.9999999981 1000.0000000000 675.0000000000
14:38:26.578 1000.0000000000 1000.0000000000 0.0000000000 1815.9999999981 1000.0000000000 676.0000000000
14:38:26.609 1000.0000000000 1000.0000000000 0.0000000000 1814.9999999981 1000.0000000000 675.0000000000
14:38:26.640 1000.0000000000 1000.0000000000 0.0000000000 1813.9999999981 1000.0000000000 674.0000000000
14:38:26.671 1000.0000000000 1000.0000000000 0.0000000000 1813.9999999981 1000.0000000000 674.0000000000
14:38:26.703 1000.0000000000 1000.0000000000 0.0000000000 1814.9999999981 1000.0000000000 675.0000000000
14:38:26.734 1000.0000000000 1000.0000000000 0.0000000000 1810.9999999981 1000.0000000000 671.0000000000
14:38:26.765 1000.0000000000 1000.0000000000 0.0000000000 1814.9999999981 1000.0000000000 675.0000000000
14:38:26.796 1000.0000000000 1000.0000000000 0.0000000000 1810.9999999981 1000.0000000000 671.0000000000
14:38:26.828 1000.0000000000 1000.0000000000 0.0000000000 1810.9999999981 1000.0000000000 671.0000000000
14:38:26.859 1000.0000000000 1000.0000000000 0.0000000000 1812.9999999981 1000.0000000000 673.0000000000
14:38:26.890 1000.0000000000 1000.0000000000 0.0000000000 1814.9999999981 1000.0000000000 675.0000000000
14:38:26.921 1000.0000000000 1000.0000000000 0.0000000000 1810.9999999981 1000.0000000000 671.0000000000
14:38:26.953 1000.0000000000 1000.0000000000 0.0000000000 1814.9999999981 1000.0000000000 675.0000000000
14:38:26.984 1000.0000000000 1000.0000000000 0.0000000000 1813.9999999981 1000.0000000000 674.0000000000
14:38:27.015 1000.0000000000 1000.0000000000 0.0000000000 1813.9999999981 1000.0000000000 674.0000000000
14:38:27.046 1000.0000000000 1000.0000000000 0.0000000000 1813.9999999981 1000.0000000000 674.0000000000
14:38:27.078 1000.0000000000 1000.0000000000 0.0000000000 1809.9999999981 1000.0000000000 670.0000000000
14:38:27.109 1000.0000000000 1000.0000000000 0.0000000000 1809.9999999981 1000.0000000000 670.0000000000
14:38:27.140 1000.0000000000 1000.0000000000 0.0000000000 1810.9999999981 1000.0000000000 671.0000000000
14:38:27.171 1000.0000000000 1000.0000000000 0.0000000000 1810.9999999981 1000.0000000000 671.0000000000
14:38:27.203 1000.0000000000 1000.0000000000 0.0000000000 1810.9999999981 1000.0000000000 671.0000000000
14:38:27.234 1000.0000000000 1000.0000000000 0.0000000000 1815.9999999981 1000.0000000000 676.0000000000
14:38:27.265 1000.0000000000 1000.0000000000 0.0000000000 1810.9999999981 1000.0000000000 671.0000000000
14:38:27.296 1000.0000000000 1000.0000000000 0.0000000000 1810.9999999981 1000.0000000000 671.0000000000
14:38:27.328 1000.0000000000 1000.0000000000 0.0000000000 1811.9999999981 1000.0000000000 672.0000000000
14:38:27.359 1000.0000000000 1000.0000000000 0.0000000000 1815.9999999981 1000.0000000000 676.0000000000
14:38:27.390 1000.0000000000 1000.0000000000 0.0000000000 1810.9999999981 1000.0000000000 671.0000000000
14:38:27.421 1000.0000000000 1000.0000000000 0.0000000000 1815.9999999981 1000.0000000000 676.0000000000
14:38:27.453 1000.0000000000 1000.0000000000 0.0000000000 1810.9999999981 1000.0000000000 671.0000000000
14:38:27.484 1000.0000000000 1000.0000000000 0.0000000000 1810.9999999981 1000.0000000000 671.0000000000
14:38:27.515 1000.0000000000 1000.0000000000 0.0000000000 1813.9999999981 1000.0000000000 674.0000000000
14:38:27.546 1000.0000000000 1000.0000000000 0.0000000000 1815.9999999981 1000.0000000000 676.0000000000
14:38:27.578 1000.0000000000 1000.0000000000 0.0000000000 1810.9999999981 1000.0000000000 671.0000000000
14:38:27.609 1000.0000000000 1000.0000000000 0.0000000000 1814.9999999981 1000.0000000000 675.0000000000
14:38:27.640 1000.0000000000 1000.0000000000 0.0000000000 1810.9999999981 1000.0000000000 671.0000000000
14:38:27.671 1000.0000000000 1000.0000000000 0.0000000000 1810.9999999981 1000.0000000000 671.0000000000
14:38:27.703 1000.0000000000 1000.0000000000 0.0000000000 1819.9999999981 1000.0000000000 680.0000000000
14:38:27.734 1000.0000000000 1000.0000000000 0.0000000000 1820.9999999981 1000.0000000000 681.0000000000
14:38:27.765 1000.0000000000 1000.0000000000 0.0000000000 1810.9999999981 1000.0000000000 671.0000000000
14:38:27.796 1000.0000000000 1000.0000000000 0.0000000000 1815.9999999981 1000.0000000000 676.0000000000
14:38:27.828 1000.0000000000 1000.0000000000 0.0000000000 1813.9999999981 1000.0000000000 674.0000000000
14:38:27.859 1000.0000000000 1000.0000000000 0.0000000000 1813.9999999981 1000.0000000000 674.0000000000
14:38:27.890 1000.0000000000 1000.0000000000 0.0000000000 1813.9999999981 1000.0000000000 674.0000000000
14:38:27.921 1000.0000000000 1000.0000000000 0.0000000000 1814.9999999981 1000.0000000000 675.0000000000
14:38:27.953 1000.0000000000 1000.0000000000 0.0000000000 1814.9999999981 1000.0000000000 675.0000000000
14:38:27.984 1000.0000000000 1000.0000000000 0.0000000000 1815.9999999981 1000.0000000000 676.0000000000
14:38:28.015 1000.0000000000 1000.0000000000 0.0000000000 1814.9999999981 1000.0000000000 675.0000000000
14:38:28.046 1000.0000000000 1000.0000000000 0.0000000000 1812.9999999981 1000.0000000000 673.0000000000
14:38:28.078 1000.0000000000 1000.0000000000 0.0000000000 1812.9999999981 1000.0000000000 673.0000000000
14:38:28.109 1000.0000000000 1000.0000000000 0.0000000000 1811.9999999981 1000.0000000000 672.0000000000
14:38:28.140 1000.0000000000 1000.0000000000 0.0000000000 1811.9999999981 1000.0000000000 672.0000000000
14:38:28.171 1000.0000000000 1000.0000000000 0.0000000000 1812.9999999981 1000.0000000000 673.0000000000
14:38:28.203 1000.0000000000 1000.0000000000 0.0000000000 1811.9999999981 1000.0000000000 672.0000000000
14:38:28.234 1000.0000000000 1000.0000000000 0.0000000000 1810.9999999981 1000.0000000000 671.0000000000
14:38:28.265 1000.0000000000 1000.0000000000 0.0000000000 1811.9999999981 1000.0000000000 672.0000000000
14:38:28.296 1000.0000000000 1000.0000000000 0.0000000000 1810.9999999981 1000.0000000000 671.0000000000
14:38:28.328 1000.0000000000 1000.0000000000 0.0000000000 1810.9999999981 1000.0000000000 671.0000000000
14:38:28.359 1000.0000000000 1000.0000000000 0.0000000000 1810.9999999981 1000.0000000000 671.0000000000
14:38:28.390 1000.0000000000 1000.0000000000 0.0000000000 1807.9999999981 1000.0000000000 668.0000000000
14:38:28.421 1000.0000000000 1000.0000000000 0.0000000000 1806.9999999981 1000.0000000000 667.0000000000
14:38:28.453 1000.0000000000 1000.0000000000 0.0000000000 1807.9999999981 1000.0000000000 668.0000000000
14:38:28.484 1000.0000000000 1000.0000000000 0.0000000000 1813.9999999981 1000.0000000000 674.0000000000
14:38:28.515 1000.0000000000 1000.0000000000 0.0000000000 1813.9999999981 1000.0000000000 674.0000000000
14:38:28.546 1000.0000000000 1000.0000000000 0.0000000000 1813.9999999981 1000.0000000000 674.0000000000
14:38:28.578 1000.0000000000 1000.0000000000 0.0000000000 1814.9999999981 1000.0000000000 675.0000000000
14:38:28.609 1000.0000000000 1000.0000000000 0.0000000000 1811.9999999981 1000.0000000000 672.0000000000
14:38:28.640 1000.0000000000 1000.0000000000 0.0000000000 1814.9999999981 1000.0000000000 675.0000000000
14:38:28.671 1000.0000000000 1000.0000000000 0.0000000000 1811.9999999981 1000.0000000000 672.0000000000
14:38:28.703 1000.0000000000 1000.0000000000 0.0000000000 1811.9999999981 1000.0000000000 672.0000000000
14:38:28.734 1000.0000000000 1000.0000000000 0.0000000000 1811.9999999981 1000.0000000000 672.0000000000
14:38:28.765 1000.0000000000 1000.0000000000 0.0000000000 1813.9999999981 1000.0000000000 674.0000000000
14:38:28.796 1000.0000000000 1000.0000000000 0.0000000000 1813.9999999981 1000.0000000000 674.0000000000
14:38:28.828 1000.0000000000 1000.0000000000 0.0000000000 1818.9999999981 1000.0000000000 679.0000000000
14:38:28.859 1000.0000000000 1000.0000000000 0.0000000000 1813.9999999981 1000.0000000000 674.0000000000
14:38:28.890 1000.0000000000 1000.0000000000 0.0000000000 1813.9999999981 1000.0000000000 674.0000000000
14:38:28.921 1000.0000000000 1000.0000000000 0.0000000000 1813.9999999981 1000.0000000000 674.0000000000
14:38:28.953 1000.0000000000 1000.0000000000 0.0000000000 1814.9999999981 1000.0000000000 675.0000000000
14:38:28.984 1000.0000000000 1000.0000000000 0.0000000000 1814.9999999981 1000.0000000000 675.0000000000
14:38:29.015 1000.0000000000 1000.0000000000 0.0000000000 1814.9999999981 1000.0000000000 675.0000000000
14:38:29.046 1000.0000000000 1000.0000000000 0.0000000000 1813.9999999981 1000.0000000000 674.0000000000
14:38:29.078 1000.0000000000 1000.0000000000 0.0000000000 1813.9999999981 1000.0000000000 674.0000000000
14:38:29.109 1000.0000000000 1000.0000000000 0.0000000000 1815.9999999981 1000.0000000000 676.0000000000
14:38:29.140 1000.0000000000 1000.0000000000 0.0000000000 1817.9999999981 1000.0000000000 678.0000000000
14:38:29.171 1000.0000000000 1000.0000000000 0.0000000000 1815.9999999981 1000.0000000000 676.0000000000
14:38:29.203 1000.0000000000 1000.0000000000 0.0000000000 1815.9999999981 1000.0000000000 676.0000000000
14:38:29.234 1000.0000000000 1000.0000000000 0.0000000000 1817.9999999981 1000.0000000000 678.0000000000
14:38:29.265 1000.0000000000 1000.0000000000 0.0000000000 1816.9999999981 1000.0000000000 677.0000000000
14:38:29.296 1000.0000000000 1000.0000000000 0.0000000000 1816.9999999981 1000.0000000000 677.0000000000
14:38:29.328 1000.0000000000 1000.0000000000 0.0000000000 1814.9999999981 1000.0000000000 675.0000000000
14:38:29.359 1000.0000000000 1000.0000000000 0.0000000000 1810.9999999981 1000.0000000000 671.0000000000
14:38:29.390 1000.0000000000 1000.0000000000 0.0000000000 1810.9999999981 1000.0000000000 671.0000000000
14:38:29.421 1000.0000000000 1000.0000000000 0.0000000000 1814.9999999981 1000.0000000000 675.0000000000
14:38:29.453 1000.0000000000 1000.0000000000 0.0000000000 1814.9999999981 1000.0000000000 675.0000000000
14:38:29.484 1000.0000000000 1000.0000000000 0.0000000000 1815.9999999981 1000.0000000000 676.0000000000
14:38:29.515 1000.0000000000 1000.0000000000 0.0000000000 1814.9999999981 1000.0000000000 675.0000000000
14:38:29.546 1000.0000000000 1000.0000000000 0.0000000000 1814.9999999981 1000.0000000000 675.0000000000
14:38:29.578 1000.0000000000 1000.0000000000 0.0000000000 1814.9999999981 1000.0000000000 675.0000000000
14:38:29.609 1000.0000000000 1000.0000000000 0.0000000000 1813.9999999981 1000.0000000000 674.0000000000
14:38:29.640 1000.0000000000 1000.0000000000 0.0000000000 1809.9999999981 1000.0000000000 670.0000000000
14:38:29.671 1000.0000000000 1000.0000000000 0.0000000000 1813.9999999981 1000.0000000000 674.0000000000
14:38:29.703 1000.0000000000 1000.0000000000 0.0000000000 1809.9999999981 1000.0000000000 670.0000000000
14:38:29.734 1000.0000000000 1000.0000000000 0.0000000000 1809.9999999981 1000.0000000000 670.0000000000
14:38:29.765 1000.0000000000 1000.0000000000 0.0000000000 1814.9999999981 1000.0000000000 675.0000000000
14:38:29.796 1000.0000000000 1000.0000000000 0.0000000000 1819.9999999981 1000.0000000000 680.0000000000
14:38:29.828 1000.0000000000 1000.0000000000 0.0000000000 1809.9999999981 1000.0000000000 670.0000000000
14:38:29.859 1000.0000000000 1000.0000000000 0.0000000000 1812.9999999981 1000.0000000000 673.0000000000
14:38:29.890 1000.0000000000 1000.0000000000 0.0000000000 1812.9999999981 1000.0000000000 673.0000000000
14:38:29.921 1000.0000000000 1000.0000000000 0.0000000000 1812.9999999981 1000.0000000000 673.0000000000
14:38:29.953 1000.0000000000 1000.0000000000 0.0000000000 1812.9999999981 1000.0000000000 673.0000000000
14:38:29.984 1000.0000000000 1000.0000000000 0.0000000000 1813.9999999981 1000.0000000000 674.0000000000
14:38:30.015 1000.0000000000 1000.0000000000 0.0000000000 1813.9999999981 1000.0000000000 674.0000000000
14:38:30.046 1000.0000000000 1000.0000000000 0.0000000000 1814.9999999981 1000.0000000000 675.0000000000
14:38:30.078 1000.0000000000 1000.0000000000 0.0000000000 1816.9999999981 1000.0000000000 677.0000000000
14:38:30.109 1000.0000000000 1000.0000000000 0.0000000000 1816.9999999981 1000.0000000000 677.0000000000
14:38:30.140 1000.0000000000 1000.0000000000 0.0000000000 1816.9999999981 1000.0000000000 677.0000000000
14:38:30.171 1000.0000000000 1000.0000000000 0.0000000000 1815.9999999981 1000.0000000000 676.0000000000
14:38:30.203 1000.0000000000 1000.0000000000 0.0000000000 1815.9999999981 1000.0000000000 676.0000000000
14:38:30.234 1000.0000000000 1000.0000000000 0.0000000000 1815.9999999981 1000.0000000000 676.0000000000
14:38:30.265 1000.0000000000 1000.0000000000 0.0000000000 1815.9999999981 1000.0000000000 676.0000000000
14:38:30.296 1000.0000000000 1000.0000000000 0.0000000000 1813.9999999981 1000.0000000000 674.0000000000
14:38:30.328 1000.0000000000 1000.0000000000 0.0000000000 1813.9999999981 1000.0000000000 674.0000000000
14:38:30.359 1000.0000000000 1000.0000000000 0.0000000000 1812.9999999981 1000.0000000000 673.0000000000
14:38:30.390 1000.0000000000 1000.0000000000 0.0000000000 1812.9999999981 1000.0000000000 673.0000000000
14:38:30.421 1000.0000000000 1000.0000000000 0.0000000000 1814.9999999981 1000.0000000000 675.0000000000
14:38:30.453 1000.0000000000 1000.0000000000 0.0000000000 1816.9999999981 1000.0000000000 677.0000000000
14:38:30.484 1000.0000000000 1000.0000000000 0.0000000000 1812.9999999981 1000.0000000000 673.0000000000
14:38:30.515 1000.0000000000 1000.0000000000 0.0000000000 1816.9999999981 1000.0000000000 677.0000000000
14:38:30.546 1000.0000000000 1000.0000000000 0.0000000000 1812.9999999981 1000.0000000000 673.0000000000
14:38:30.578 1000.0000000000 1000.0000000000 0.0000000000 1812.9999999981 1000.0000000000 673.0000000000
14:38:30.609 1000.0000000000 1000.0000000000 0.0000000000 1812.9999999981 1000.0000000000 673.0000000000
14:38:30.640 1000.0000000000 1000.0000000000 0.0000000000 1814.9999999981 1000.0000000000 675.0000000000
14:38:30.671 1000.0000000000 1000.0000000000 0.0000000000 1807.9999999981 1000.0000000000 668.0000000000
14:38:30.703 1000.0000000000 1000.0000000000 0.0000000000 1811.9999999981 1000.0000000000 672.0000000000
14:38:30.734 1000.0000000000 1000.0000000000 0.0000000000 1814.9999999981 1000.0000000000 675.0000000000
14:38:30.765 1000.0000000000 1000.0000000000 0.0000000000 1814.9999999981 1000.0000000000 675.0000000000
14:38:30.796 1000.0000000000 1000.0000000000 0.0000000000 1814.9999999981 1000.0000000000 675.0000000000
14:38:30.828 1000.0000000000 1000.0000000000 0.0000000000 1814.9999999981 1000.0000000000 675.0000000000
14:38:30.859 1000.0000000000 1000.0000000000 0.0000000000 1812.9999999981 1000.0000000000 673.0000000000
14:38:30.890 1000.0000000000 1000.0000000000 0.0000000000 1814.9999999981 1000.0000000000 675.0000000000
14:38:30.921 1000.0000000000 1000.0000000000 0.0000000000 1812.9999999981 1000.0000000000 673.0000000000
14:38:30.953 1000.0000000000 1000.0000000000 0.0000000000 1812.9999999981 1000.0000000000 673.0000000000
14:38:30.984 1000.0000000000 1000.0000000000 0.0000000000 1812.9999999981 1000.0000000000 673.0000000000
14:38:31.015 1000.0000000000 1000.0000000000 0.0000000000 1812.9999999981 1000.0000000000 673.0000000000
14:38:31.046 1000.0000000000 1000.0000000000 0.0000000000 1812.9999999981 1000.0000000000 673.0000000000
14:38:31.078 1000.0000000000 1000.0000000000 0.0000000000 1812.9999999981 1000.0000000000 673.0000000000
14:38:31.109 1000.0000000000 1000.0000000000 0.0000000000 1812.9999999981 1000.0000000000 673.0000000000
14:38:31.140 1000.0000000000 1000.0000000000 0.0000000000 1812.9999999981 1000.0000000000 673.0000000000
14:38:31.171 1000.0000000000 1000.0000000000 0.0000000000 1812.9999999981 1000.0000000000 673.0000000000
14:38:31.203 1000.0000000000 1000.0000000000 0.0000000000 1814.9999999981 1000.0000000000 675.0000000000
14:38:31.234 1000.0000000000 1000.0000000000 0.0000000000 1812.9999999981 1000.0000000000 673.0000000000
14:38:31.265 1000.0000000000 1000.0000000000 0.0000000000 1812.9999999981 1000.0000000000 673.0000000000
14:38:31.296 1000.0000000000 1000.0000000000 0.0000000000 1814.9999999981 1000.0000000000 675.0000000000
14:38:31.328 1000.0000000000 1000.0000000000 0.0000000000 1811.9999999981 1000.0000000000 672.0000000000
14:38:31.359 1000.0000000000 1000.0000000000 0.0000000000 1814.9999999981 1000.0000000000 675.0000000000
14:38:31.390 1000.0000000000 1000.0000000000 0.0000000000 1811.9999999981 1000.0000000000 672.0000000000
14:38:31.421 1000.0000000000 1000.0000000000 0.0000000000 1811.9999999981 1000.0000000000 672.0000000000
14:38:31.453 1000.0000000000 1000.0000000000 0.0000000000 1811.9999999981 1000.0000000000 672.0000000000
14:38:31.484 1000.0000000000 1000.0000000000 0.0000000000 1812.9999999981 1000.0000000000 673.0000000000
14:38:31.515 1000.0000000000 1000.0000000000 0.0000000000 1812.9999999981 1000.0000000000 673.0000000000
14:38:31.546 1000.0000000000 1000.0000000000 0.0000000000 1814.9999999981 1000.0000000000 675.0000000000
14:38:31.578 1000.0000000000 1000.0000000000 0.0000000000 1812.9999999981 1000.0000000000 673.0000000000
14:38:31.609 1000.0000000000 1000.0000000000 0.0000000000 1812.9999999981 1000.0000000000 673.0000000000
14:38:31.640 1000.0000000000 1000.0000000000 0.0000000000 1812.9999999981 1000.0000000000 673.0000000000
14:38:31.671 1000.0000000000 1000.0000000000 0.0000000000 1814.9999999981 1000.0000000000 675.0000000000
14:38:31.703 1000.0000000000 1000.0000000000 0.0000000000 1813.9999999981 1000.0000000000 674.0000000000
14:38:31.734 1000.0000000000 1000.0000000000 0.0000000000 1814.9999999981 1000.0000000000 675.0000000000
14:38:31.765 1000.0000000000 1000.0000000000 0.0000000000 1813.9999999981 1000.0000000000 674.0000000000
14:38:31.796 1000.0000000000 1000.0000000000 0.0000000000 1813.9999999981 1000.0000000000 674.0000000000
14:38:31.828 1000.0000000000 1000.0000000000 0.0000000000 1813.9999999981 1000.0000000000 674.0000000000
14:38:31.859 1000.0000000000 1000.0000000000 0.0000000000 1813.9999999981 1000.0000000000 674.0000000000
14:38:31.890 1000.0000000000 1000.0000000000 0.0000000000 1812.9999999981 1000.0000000000 673.0000000000
14:38:31.921 1000.0000000000 1000.0000000000 0.0000000000 1813.9999999981 1000.0000000000 674.0000000000
14:38:31.953 1000.0000000000 1000.0000000000 0.0000000000 1812.9999999981 1000.0000000000 673.0000000000
14:38:31.984 1000.0000000000 1000.0000000000 0.0000000000 1812.9999999981 1000.0000000000 673.0000000000
14:38:32.015 1000.0000000000 1000.0000000000 0.0000000000 1812.9999999981 1000.0000000000 673.0000000000
14:38:32.046 1000.0000000000 1000.0000000000 0.0000000000 1814.9999999981 1000.0000000000 675.0000000000
14:38:32.078 1000.0000000000 1000.0000000000 0.0000000000 1813.9999999981 1000.0000000000 674.0000000000
14:38:32.109 1000.0000000000 1000.0000000000 0.0000000000 1813.9999999981 1000.0000000000 674.0000000000
14:38:32.140 1000.0000000000 1000.0000000000 0.0000000000 1814.9999999981 1000.0000000000 675.0000000000
14:38:32.171 1000.0000000000 1000.0000000000 0.0000000000 1814.9999999981 1000.0000000000 675.0000000000
14:38:32.203 1000.0000000000 1000.0000000000 0.0000000000 1814.9999999981 1000.0000000000 675.0000000000
14:38:32.234 1000.0000000000 1000.0000000000 0.0000000000 1812.9999999981 1000.0000000000 673.0000000000
14:38:32.265 1000.0000000000 1000.0000000000 0.0000000000 1812.9999999981 1000.0000000000 673.0000000000
14:38:32.296 1000.0000000000 1000.0000000000 0.0000000000 1814.9999999981 1000.0000000000 675.0000000000
14:38:32.328 1000.0000000000 1000.0000000000 0.0000000000 1817.9999999981 1000.0000000000 678.0000000000
14:38:32.359 1000.0000000000 1000.0000000000 0.0000000000 1815.9999999981 1000.0000000000 676.0000000000
14:38:32.390 1000.0000000000 1000.0000000000 0.0000000000 1817.9999999981 1000.0000000000 678.0000000000
14:38:32.421 1000.0000000000 1000.0000000000 0.0000000000 1815.9999999981 1000.0000000000 676.0000000000
14:38:32.453 1000.0000000000 1000.0000000000 0.0000000000 1815.9999999981 1000.0000000000 676.0000000000
14:38:32.484 1000.0000000000 1000.0000000000 0.0000000000 1815.9999999981 1000.0000000000 676.0000000000
14:38:32.515 1000.0000000000 1000.0000000000 0.0000000000 1815.9999999981 1000.0000000000 676.0000000000
