Тестовая информация 0. Исходные сенсорные данные: Time, X_rob, Y_rob, Ang_rob, X_obj, Y_obj, Distance (мм, град)
14:38:52.234 1000.0000000000 1000.0000000000 0.0000000000 1843.9999999981 1000.0000000000 704.0000000000
14:38:52.265 1000.0000000000 1000.0000000000 0.0000000000 1843.9999999981 1000.0000000000 704.0000000000
14:38:52.296 1000.0000000000 1000.0000000000 0.0000000000 1843.9999999981 1000.0000000000 704.0000000000
14:38:52.328 1000.0000000000 1000.0000000000 0.0000000000 1843.9999999981 1000.0000000000 704.0000000000
14:38:52.359 1000.0000000000 1000.0000000000 0.0000000000 1856.9999999981 1000.0000000000 717.0000000000
14:38:52.390 1000.0000000000 1000.0000000000 0.0000000000 1843.9999999981 1000.0000000000 704.0000000000
14:38:52.421 1000.0000000000 1000.0000000000 0.0000000000 1843.9999999981 1000.0000000000 704.0000000000
14:38:52.453 1000.0000000000 1000.0000000000 0.0000000000 1845.9999999981 1000.0000000000 706.0000000000
14:38:52.484 1000.0000000000 1000.0000000000 0.0000000000 1848.9999999981 1000.0000000000 709.0000000000
14:38:52.515 1000.0000000000 1000.0000000000 0.0000000000 1848.9999999981 1000.0000000000 709.0000000000
14:38:52.546 1000.0000000000 1000.0000000000 0.0000000000 1848.9999999981 1000.0000000000 709.0000000000
14:38:52.578 1000.0000000000 1000.0000000000 0.0000000000 1850.9999999981 1000.0000000000 711.0000000000
14:38:52.609 1000.0000000000 1000.0000000000 0.0000000000 1850.9999999981 1000.0000000000 711.0000000000
14:38:52.640 1000.0000000000 1000.0000000000 0.0000000000 1867.9999999981 1000.0000000000 728.0000000000
14:38:52.671 1000.0000000000 1000.0000000000 0.0000000000 1856.9999999981 1000.0000000000 717.0000000000
14:38:52.703 1000.0000000000 1000.0000000000 0.0000000000 1850.9999999981 1000.0000000000 711.0000000000
14:38:52.734 1000.0000000000 1000.0000000000 0.0000000000 1850.9999999981 1000.0000000000 711.0000000000
14:38:52.765 1000.0000000000 1000.0000000000 0.0000000000 1844.9999999981 1000.0000000000 705.0000000000
14:38:52.796 1000.0000000000 1000.0000000000 0.0000000000 1844.9999999981 1000.0000000000 705.0000000000
14:38:52.828 1000.0000000000 1000.0000000000 0.0000000000 1848.9999999981 1000.0000000000 709.0000000000
14:38:52.859 1000.0000000000 1000.0000000000 0.0000000000 1844.9999999981 1000.0000000000 705.0000000000
14:38:52.890 1000.0000000000 1000.0000000000 0.0000000000 1844.9999999981 1000.0000000000 705.0000000000
14:38:52.921 1000.0000000000 1000.0000000000 0.0000000000 1845.9999999981 1000.0000000000 706.0000000000
14:38:52.953 1000.0000000000 1000.0000000000 0.0000000000 1850.9999999981 1000.0000000000 711.0000000000
14:38:52.984 1000.0000000000 1000.0000000000 0.0000000000 1844.9999999981 1000.0000000000 705.0000000000
14:38:53.015 1000.0000000000 1000.0000000000 0.0000000000 1849.9999999981 1000.0000000000 710.0000000000
14:38:53.046 1000.0000000000 1000.0000000000 0.0000000000 1844.9999999981 1000.0000000000 705.0000000000
14:38:53.078 1000.0000000000 1000.0000000000 0.0000000000 1844.9999999981 1000.0000000000 705.0000000000
14:38:53.109 1000.0000000000 1000.0000000000 0.0000000000 1844.9999999981 1000.0000000000 705.0000000000
14:38:53.140 1000.0000000000 1000.0000000000 0.0000000000 1846.9999999981 1000.0000000000 707.0000000000
14:38:53.171 1000.0000000000 1000.0000000000 0.0000000000 1846.9999999981 1000.0000000000 707.0000000000
14:38:53.203 1000.0000000000 1000.0000000000 0.0000000000 1851.9999999981 1000.0000000000 712.0000000000
14:38:53.234 1000.0000000000 1000.0000000000 0.0000000000 1846.9999999981 1000.0000000000 707.0000000000
14:38:53.265 1000.0000000000 1000.0000000000 0.0000000000 1846.9999999981 1000.0000000000 707.0000000000
14:38:53.296 1000.0000000000 1000.0000000000 0.0000000000 1848.9999999981 1000.0000000000 709.0000000000
14:38:53.328 1000.0000000000 1000.0000000000 0.0000000000 1848.9999999981 1000.0000000000 709.0000000000
14:38:53.359 1000.0000000000 1000.0000000000 0.0000000000 1846.9999999981 1000.0000000000 707.0000000000
14:38:53.390 1000.0000000000 1000.0000000000 0.0000000000 1848.9999999981 1000.0000000000 709.0000000000
14:38:53.421 1000.0000000000 1000.0000000000 0.0000000000 1850.9999999981 1000.0000000000 711.0000000000
14:38:53.453 1000.0000000000 1000.0000000000 0.0000000000 1850.9999999981 1000.0000000000 711.0000000000
14:38:53.484 1000.0000000000 1000.0000000000 0.0000000000 1856.9999999981 1000.0000000000 717.0000000000
14:38:53.515 1000.0000000000 1000.0000000000 0.0000000000 1850.9999999981 1000.0000000000 711.0000000000
14:38:53.546 1000.0000000000 1000.0000000000 0.0000000000 1848.9999999981 1000.0000000000 709.0000000000
14:38:53.578 1000.0000000000 1000.0000000000 0.0000000000 1850.9999999981 1000.0000000000 711.0000000000
14:38:53.609 1000.0000000000 1000.0000000000 0.0000000000 1859.9999999981 1000.0000000000 720.0000000000
14:38:53.640 1000.0000000000 1000.0000000000 0.0000000000 1856.9999999981 1000.0000000000 717.0000000000
14:38:53.671 1000.0000000000 1000.0000000000 0.0000000000 1856.9999999981 1000.0000000000 717.0000000000
14:38:53.703 1000.0000000000 1000.0000000000 0.0000000000 1856.9999999981 1000.0000000000 717.0000000000
14:38:53.734 1000.0000000000 1000.0000000000 0.0000000000 1848.9999999981 1000.0000000000 709.0000000000
14:38:53.765 1000.0000000000 1000.0000000000 0.0000000000 1848.9999999981 1000.0000000000 709.0000000000
14:38:53.796 1000.0000000000 1000.0000000000 0.0000000000 1856.9999999981 1000.0000000000 717.0000000000
14:38:53.828 1000.0000000000 1000.0000000000 0.0000000000 1856.9999999981 1000.0000000000 717.0000000000
14:38:53.859 1000.0000000000 1000.0000000000 0.0000000000 1868.9999999981 1000.0000000000 729.0000000000
14:38:53.890 1000.0000000000 1000.0000000000 0.0000000000 1857.9999999981 1000.0000000000 718.0000000000
14:38:53.921 1000.0000000000 1000.0000000000 0.0000000000 1857.9999999981 1000.0000000000 718.0000000000
14:38:53.953 1000.0000000000 1000.0000000000 0.0000000000 1857.9999999981 1000.0000000000 718.0000000000
14:38:53.984 1000.0000000000 1000.0000000000 0.0000000000 1853.9999999981 1000.0000000000 714.0000000000
14:38:54.015 1000.0000000000 1000.0000000000 0.0000000000 1849.9999999981 1000.0000000000 710.0000000000
14:38:54.046 1000.0000000000 1000.0000000000 0.0000000000 1849.9999999981 1000.0000000000 710.0000000000
14:38:54.078 1000.0000000000 1000.0000000000 0.0000000000 1845.9999999981 1000.0000000000 706.0000000000
14:38:54.109 1000.0000000000 1000.0000000000 0.0000000000 1845.9999999981 1000.0000000000 706.0000000000
14:38:54.140 1000.0000000000 1000.0000000000 0.0000000000 1845.9999999981 1000.0000000000 706.0000000000
14:38:54.171 1000.0000000000 1000.0000000000 0.0000000000 1847.9999999981 1000.0000000000 708.0000000000
14:38:54.203 1000.0000000000 1000.0000000000 0.0000000000 1834.9999999981 1000.0000000000 695.0000000000
14:38:54.234 1000.0000000000 1000.0000000000 0.0000000000 1843.9999999981 1000.0000000000 704.0000000000
14:38:54.265 1000.0000000000 1000.0000000000 0.0000000000 1846.9999999981 1000.0000000000 707.0000000000
14:38:54.296 1000.0000000000 1000.0000000000 0.0000000000 1846.9999999981 1000.0000000000 707.0000000000
14:38:54.328 1000.0000000000 1000.0000000000 0.0000000000 1846.9999999981 1000.0000000000 707.0000000000
14:38:54.359 1000.0000000000 1000.0000000000 0.0000000000 1844.9999999981 1000.0000000000 705.0000000000
14:38:54.390 1000.0000000000 1000.0000000000 0.0000000000 1844.9999999981 1000.0000000000 705.0000000000
14:38:54.421 1000.0000000000 1000.0000000000 0.0000000000 1852.9999999981 1000.0000000000 713.0000000000
14:38:54.453 1000.0000000000 1000.0000000000 0.0000000000 1853.9999999981 1000.0000000000 714.0000000000
14:38:54.484 1000.0000000000 1000.0000000000 0.0000000000 1844.9999999981 1000.0000000000 705.0000000000
14:38:54.515 1000.0000000000 1000.0000000000 0.0000000000 1850.9999999981 1000.0000000000 711.0000000000
14:38:54.546 1000.0000000000 1000.0000000000 0.0000000000 1844.9999999981 1000.0000000000 705.0000000000
14:38:54.578 1000.0000000000 1000.0000000000 0.0000000000 1844.9999999981 1000.0000000000 705.0000000000
14:38:54.609 1000.0000000000 1000.0000000000 0.0000000000 1847.9999999981 1000.0000000000 708.0000000000
14:38:54.640 1000.0000000000 1000.0000000000 0.0000000000 1848.9999999981 1000.0000000000 709.0000000000
14:38:54.671 1000.0000000000 1000.0000000000 0.0000000000 1844.9999999981 1000.0000000000 705.0000000000
14:38:54.703 1000.0000000000 1000.0000000000 0.0000000000 1848.9999999981 1000.0000000000 709.0000000000
14:38:54.734 1000.0000000000 1000.0000000000 0.0000000000 1854.9999999981 1000.0000000000 715.0000000000
14:38:54.765 1000.0000000000 1000.0000000000 0.0000000000 1854.9999999981 1000.0000000000 715.0000000000
14:38:54.796 1000.0000000000 1000.0000000000 0.0000000000 1854.9999999981 1000.0000000000 715.0000000000
14:38:54.828 1000.0000000000 1000.0000000000 0.0000000000 1856.9999999981 1000.0000000000 717.0000000000
14:38:54.859 1000.0000000000 1000.0000000000 0.0000000000 1839.9999999981 1000.0000000000 700.0000000000
14:38:54.890 1000.0000000000 1000.0000000000 0.0000000000 1847.9999999981 1000.0000000000 708.0000000000
14:38:54.921 1000.0000000000 1000.0000000000 0.0000000000 1845.9999999981 1000.0000000000 706.0000000000
14:38:54.953 1000.0000000000 1000.0000000000 0.0000000000 1845.9999999981 1000.0000000000 706.0000000000
14:38:54.984 1000.0000000000 1000.0000000000 0.0000000000 1845.9999999981 1000.0000000000 706.0000000000
14:38:55.015 1000.0000000000 1000.0000000000 0.0000000000 1851.9999999981 1000.0000000000 712.0000000000
14:38:55.046 1000.0000000000 1000.0000000000 0.0000000000 1838.9999999981 1000.0000000000 699.0000000000
14:38:55.078 1000.0000000000 1000.0000000000 0.0000000000 1851.9999999981 1000.0000000000 712.0000000000
14:38:55.109 1000.0000000000 1000.0000000000 0.0000000000 1846.9999999981 1000.0000000000 707.0000000000
14:38:55.140 1000.0000000000 1000.0000000000 0.0000000000 1846.9999999981 1000.0000000000 707.0000000000
14:38:55.171 1000.0000000000 1000.0000000000 0.0000000000 1846.9999999981 1000.0000000000 707.0000000000
14:38:55.203 1000.0000000000 1000.0000000000 0.0000000000 1846.9999999981 1000.0000000000 707.0000000000
14:38:55.234 1000.0000000000 1000.0000000000 0.0000000000 1843.9999999981 1000.0000000000 704.0000000000
14:38:55.265 1000.0000000000 1000.0000000000 0.0000000000 1846.9999999981 1000.0000000000 707.0000000000
14:38:55.296 1000.0000000000 1000.0000000000 0.0000000000 1849.9999999981 1000.0000000000 710.0000000000
14:38:55.328 1000.0000000000 1000.0000000000 0.0000000000 1843.9999999981 1000.0000000000 704.0000000000
14:38:55.359 1000.0000000000 1000.0000000000 0.0000000000 1849.9999999981 1000.0000000000 710.0000000000
14:38:55.390 1000.0000000000 1000.0000000000 0.0000000000 1859.9999999981 1000.0000000000 720.0000000000
14:38:55.421 1000.0000000000 1000.0000000000 0.0000000000 1859.9999999981 1000.0000000000 720.0000000000
14:38:55.453 1000.0000000000 1000.0000000000 0.0000000000 1859.9999999981 1000.0000000000 720.0000000000
14:38:55.484 1000.0000000000 1000.0000000000 0.0000000000 1859.9999999981 1000.0000000000 720.0000000000
14:38:55.515 1000.0000000000 1000.0000000000 0.0000000000 1851.9999999981 1000.0000000000 712.0000000000
14:38:55.546 1000.0000000000 1000.0000000000 0.0000000000 1859.9999999981 1000.0000000000 720.0000000000
14:38:55.578 1000.0000000000 1000.0000000000 0.0000000000 1857.9999999981 1000.0000000000 718.0000000000
14:38:55.609 1000.0000000000 1000.0000000000 0.0000000000 1857.9999999981 1000.0000000000 718.0000000000
14:38:55.640 1000.0000000000 1000.0000000000 0.0000000000 1857.9999999981 1000.0000000000 718.0000000000
14:38:55.671 1000.0000000000 1000.0000000000 0.0000000000 1848.9999999981 1000.0000000000 709.0000000000
14:38:55.703 1000.0000000000 1000.0000000000 0.0000000000 1840.9999999981 1000.0000000000 701.0000000000
14:38:55.734 1000.0000000000 1000.0000000000 0.0000000000 1848.9999999981 1000.0000000000 709.0000000000
14:38:55.765 1000.0000000000 1000.0000000000 0.0000000000 1840.9999999981 1000.0000000000 701.0000000000
14:38:55.796 1000.0000000000 1000.0000000000 0.0000000000 1840.9999999981 1000.0000000000 701.0000000000
14:38:55.828 1000.0000000000 1000.0000000000 0.0000000000 1853.9999999981 1000.0000000000 714.0000000000
14:38:55.859 1000.0000000000 1000.0000000000 0.0000000000 1862.9999999981 1000.0000000000 723.0000000000
14:38:55.890 1000.0000000000 1000.0000000000 0.0000000000 1857.9999999981 1000.0000000000 718.0000000000
14:38:55.921 1000.0000000000 1000.0000000000 0.0000000000 1858.9999999981 1000.0000000000 719.0000000000
14:38:55.953 1000.0000000000 1000.0000000000 0.0000000000 1857.9999999981 1000.0000000000 718.0000000000
14:38:55.984 1000.0000000000 1000.0000000000 0.0000000000 1851.9999999981 1000.0000000000 712.0000000000
14:38:56.015 1000.0000000000 1000.0000000000 0.0000000000 1851.9999999981 1000.0000000000 712.0000000000
14:38:56.046 1000.0000000000 1000.0000000000 0.0000000000 1845.9999999981 1000.0000000000 706.0000000000
14:38:56.078 1000.0000000000 1000.0000000000 0.0000000000 1839.9999999981 1000.0000000000 700.0000000000
14:38:56.109 1000.0000000000 1000.0000000000 0.0000000000 1845.9999999981 1000.0000000000 706.0000000000
14:38:56.140 1000.0000000000 1000.0000000000 0.0000000000 1839.9999999981 1000.0000000000 700.0000000000
14:38:56.171 1000.0000000000 1000.0000000000 0.0000000000 1839.9999999981 1000.0000000000 700.0000000000
14:38:56.203 1000.0000000000 1000.0000000000 0.0000000000 1840.9999999981 1000.0000000000 701.0000000000
14:38:56.234 1000.0000000000 1000.0000000000 0.0000000000 1845.9999999981 1000.0000000000 706.0000000000
14:38:56.265 1000.0000000000 1000.0000000000 0.0000000000 1841.9999999981 1000.0000000000 702.0000000000
14:38:56.296 1000.0000000000 1000.0000000000 0.0000000000 1842.9999999981 1000.0000000000 703.0000000000
14:38:56.328 1000.0000000000 1000.0000000000 0.0000000000 1845.9999999981 1000.0000000000 706.0000000000
14:38:56.359 1000.0000000000 1000.0000000000 0.0000000000 1845.9999999981 1000.0000000000 706.0000000000
14:38:56.390 1000.0000000000 1000.0000000000 0.0000000000 1849.9999999981 1000.0000000000 710.0000000000
14:38:56.421 1000.0000000000 1000.0000000000 0.0000000000 1846.9999999981 1000.0000000000 707.0000000000
14:38:56.453 1000.0000000000 1000.0000000000 0.0000000000 1846.9999999981 1000.0000000000 707.0000000000
14:38:56.484 1000.0000000000 1000.0000000000 0.0000000000 1846.9999999981 1000.0000000000 707.0000000000
14:38:56.515 1000.0000000000 1000.0000000000 0.0000000000 1848.9999999981 1000.0000000000 709.0000000000
14:38:56.546 1000.0000000000 1000.0000000000 0.0000000000 1848.9999999981 1000.0000000000 709.0000000000
14:38:56.578 1000.0000000000 1000.0000000000 0.0000000000 1848.9999999981 1000.0000000000 709.0000000000
14:38:56.609 1000.0000000000 1000.0000000000 0.0000000000 1848.9999999981 1000.0000000000 709.0000000000
14:38:56.640 1000.0000000000 1000.0000000000 0.0000000000 1846.9999999981 1000.0000000000 707.0000000000
14:38:56.671 1000.0000000000 1000.0000000000 0.0000000000 1846.9999999981 1000.0000000000 707.0000000000
14:38:56.703 1000.0000000000 1000.0000000000 0.0000000000 1848.9999999981 1000.0000000000 709.0000000000
14:38:56.734 1000.0000000000 1000.0000000000 0.0000000000 1840.9999999981 1000.0000000000 701.0000000000
14:38:56.765 1000.0000000000 1000.0000000000 0.0000000000 1848.9999999981 1000.0000000000 709.0000000000
14:38:56.796 1000.0000000000 1000.0000000000 0.0000000000 1840.9999999981 1000.0000000000 701.0000000000
14:38:56.828 1000.0000000000 1000.0000000000 0.0000000000 1840.9999999981 1000.0000000000 701.0000000000
14:38:56.859 1000.0000000000 1000.0000000000 0.0000000000 1844.9999999981 1000.0000000000 705.0000000000
14:38:56.890 1000.0000000000 1000.0000000000 0.0000000000 1854.9999999981 1000.0000000000 715.0000000000
14:38:56.921 1000.0000000000 1000.0000000000 0.0000000000 1848.9999999981 1000.0000000000 709.0000000000
14:38:56.953 1000.0000000000 1000.0000000000 0.0000000000 1854.9999999981 1000.0000000000 715.0000000000
14:38:56.984 1000.0000000000 1000.0000000000 0.0000000000 1848.9999999981 1000.0000000000 709.0000000000
14:38:57.015 1000.0000000000 1000.0000000000 0.0000000000 1848.9999999981 1000.0000000000 709.0000000000
14:38:57.046 1000.0000000000 1000.0000000000 0.0000000000 1848.9999999981 1000.0000000000 709.0000000000
14:38:57.078 1000.0000000000 1000.0000000000 0.0000000000 1846.9999999981 1000.0000000000 707.0000000000
14:38:57.109 1000.0000000000 1000.0000000000 0.0000000000 1837.9999999981 1000.0000000000 698.0000000000
14:38:57.140 1000.0000000000 1000.0000000000 0.0000000000 1842.9999999981 1000.0000000000 703.0000000000
14:38:57.171 1000.0000000000 1000.0000000000 0.0000000000 1843.9999999981 1000.0000000000 704.0000000000
14:38:57.203 1000.0000000000 1000.0000000000 0.0000000000 1843.9999999981 1000.0000000000 704.0000000000
14:38:57.234 1000.0000000000 1000.0000000000 0.0000000000 1843.9999999981 1000.0000000000 704.0000000000
14:38:57.265 1000.0000000000 1000.0000000000 0.0000000000 1842.9999999981 1000.0000000000 703.0000000000
14:38:57.296 1000.0000000000 1000.0000000000 0.0000000000 1842.9999999981 1000.0000000000 703.0000000000
14:38:57.328 1000.0000000000 1000.0000000000 0.0000000000 1843.9999999981 1000.0000000000 704.0000000000
14:38:57.359 1000.0000000000 1000.0000000000 0.0000000000 1842.9999999981 1000.0000000000 703.0000000000
14:38:57.390 1000.0000000000 1000.0000000000 0.0000000000 1841.9999999981 1000.0000000000 702.0000000000
14:38:57.421 1000.0000000000 1000.0000000000 0.0000000000 1841.9999999981 1000.0000000000 702.0000000000
14:38:57.453 1000.0000000000 1000.0000000000 0.0000000000 1841.9999999981 1000.0000000000 702.0000000000
14:38:57.484 1000.0000000000 1000.0000000000 0.0000000000 1841.9999999981 1000.0000000000 702.0000000000
14:38:57.515 1000.0000000000 1000.0000000000 0.0000000000 1848.9999999981 1000.0000000000 709.0000000000
14:38:57.546 1000.0000000000 1000.0000000000 0.0000000000 1844.9999999981 1000.0000000000 705.0000000000
14:38:57.578 1000.0000000000 1000.0000000000 0.0000000000 1841.9999999981 1000.0000000000 702.0000000000
14:38:57.609 1000.0000000000 1000.0000000000 0.0000000000 1844.9999999981 1000.0000000000 705.0000000000
14:38:57.640 1000.0000000000 1000.0000000000 0.0000000000 1846.9999999981 1000.0000000000 707.0000000000
14:38:57.671 1000.0000000000 1000.0000000000 0.0000000000 1846.9999999981 1000.0000000000 707.0000000000
14:38:57.703 1000.0000000000 1000.0000000000 0.0000000000 1846.9999999981 1000.0000000000 707.0000000000
14:38:57.734 1000.0000000000 1000.0000000000 0.0000000000 1851.9999999981 1000.0000000000 712.0000000000
14:38:57.765 1000.0000000000 1000.0000000000 0.0000000000 1851.9999999981 1000.0000000000 712.0000000000
14:38:57.796 1000.0000000000 1000.0000000000 0.0000000000 1853.9999999981 1000.0000000000 714.0000000000
14:38:57.828 1000.0000000000 1000.0000000000 0.0000000000 1861.9999999981 1000.0000000000 722.0000000000
14:38:57.859 1000.0000000000 1000.0000000000 0.0000000000 1861.9999999981 1000.0000000000 722.0000000000
14:38:57.890 1000.0000000000 1000.0000000000 0.0000000000 1861.9999999981 1000.0000000000 722.0000000000
14:38:57.921 1000.0000000000 1000.0000000000 0.0000000000 1848.9999999981 1000.0000000000 709.0000000000
14:38:57.953 1000.0000000000 1000.0000000000 0.0000000000 1837.9999999981 1000.0000000000 698.0000000000
14:38:57.984 1000.0000000000 1000.0000000000 0.0000000000 1848.9999999981 1000.0000000000 709.0000000000
14:38:58.015 1000.0000000000 1000.0000000000 0.0000000000 1837.9999999981 1000.0000000000 698.0000000000
14:38:58.046 1000.0000000000 1000.0000000000 0.0000000000 1837.9999999981 1000.0000000000 698.0000000000
14:38:58.078 1000.0000000000 1000.0000000000 0.0000000000 1846.9999999981 1000.0000000000 707.0000000000
14:38:58.109 1000.0000000000 1000.0000000000 0.0000000000 1854.9999999981 1000.0000000000 715.0000000000
14:38:58.140 1000.0000000000 1000.0000000000 0.0000000000 1853.9999999981 1000.0000000000 714.0000000000
14:38:58.171 1000.0000000000 1000.0000000000 0.0000000000 1854.9999999981 1000.0000000000 715.0000000000
14:38:58.203 1000.0000000000 1000.0000000000 0.0000000000 1853.9999999981 1000.0000000000 714.0000000000
14:38:58.234 1000.0000000000 1000.0000000000 0.0000000000 1847.9999999981 1000.0000000000 708.0000000000
14:38:58.265 1000.0000000000 1000.0000000000 0.0000000000 1847.9999999981 1000.0000000000 708.0000000000
14:38:58.296 1000.0000000000 1000.0000000000 0.0000000000 1851.9999999981 1000.0000000000 712.0000000000
14:38:58.328 1000.0000000000 1000.0000000000 0.0000000000 1851.9999999981 1000.0000000000 712.0000000000
14:38:58.359 1000.0000000000 1000.0000000000 0.0000000000 1853.9999999981 1000.0000000000 714.0000000000
14:38:58.390 1000.0000000000 1000.0000000000 0.0000000000 1851.9999999981 1000.0000000000 712.0000000000
14:38:58.421 1000.0000000000 1000.0000000000 0.0000000000 1843.9999999981 1000.0000000000 704.0000000000
14:38:58.453 1000.0000000000 1000.0000000000 0.0000000000 1851.9999999981 1000.0000000000 712.0000000000
14:38:58.484 1000.0000000000 1000.0000000000 0.0000000000 1888.9999999981 1000.0000000000 749.0000000000
14:38:58.515 1000.0000000000 1000.0000000000 0.0000000000 1865.9999999981 1000.0000000000 726.0000000000
14:38:58.546 1000.0000000000 1000.0000000000 0.0000000000 1865.9999999981 1000.0000000000 726.0000000000
14:38:58.578 1000.0000000000 1000.0000000000 0.0000000000 1856.9999999981 1000.0000000000 717.0000000000
14:38:58.609 1000.0000000000 1000.0000000000 0.0000000000 1851.9999999981 1000.0000000000 712.0000000000
14:38:58.640 1000.0000000000 1000.0000000000 0.0000000000 1851.9999999981 1000.0000000000 712.0000000000
14:38:58.671 1000.0000000000 1000.0000000000 0.0000000000 1839.9999999981 1000.0000000000 700.0000000000
14:38:58.703 1000.0000000000 1000.0000000000 0.0000000000 1839.9999999981 1000.0000000000 700.0000000000
14:38:58.734 1000.0000000000 1000.0000000000 0.0000000000 1848.9999999981 1000.0000000000 709.0000000000
14:38:58.765 1000.0000000000 1000.0000000000 0.0000000000 1854.9999999981 1000.0000000000 715.0000000000
14:38:58.796 1000.0000000000 1000.0000000000 0.0000000000 1850.9999999981 1000.0000000000 711.0000000000
14:38:58.828 1000.0000000000 1000.0000000000 0.0000000000 1854.9999999981 1000.0000000000 715.0000000000
14:38:58.859 1000.0000000000 1000.0000000000 0.0000000000 1850.9999999981 1000.0000000000 711.0000000000
14:38:58.890 1000.0000000000 1000.0000000000 0.0000000000 1847.9999999981 1000.0000000000 708.0000000000
14:38:58.921 1000.0000000000 1000.0000000000 0.0000000000 1847.9999999981 1000.0000000000 708.0000000000
14:38:58.953 1000.0000000000 1000.0000000000 0.0000000000 1850.9999999981 1000.0000000000 711.0000000000
14:38:58.984 1000.0000000000 1000.0000000000 0.0000000000 1846.9999999981 1000.0000000000 707.0000000000
14:38:59.015 1000.0000000000 1000.0000000000 0.0000000000 1849.9999999981 1000.0000000000 710.0000000000
14:38:59.046 1000.0000000000 1000.0000000000 0.0000000000 1846.9999999981 1000.0000000000 707.0000000000
14:38:59.078 1000.0000000000 1000.0000000000 0.0000000000 1845.9999999981 1000.0000000000 706.0000000000
14:38:59.109 1000.0000000000 1000.0000000000 0.0000000000 1845.9999999981 1000.0000000000 706.0000000000
14:38:59.140 1000.0000000000 1000.0000000000 0.0000000000 1846.9999999981 1000.0000000000 707.0000000000
14:38:59.171 1000.0000000000 1000.0000000000 0.0000000000 1845.9999999981 1000.0000000000 706.0000000000
14:38:59.203 1000.0000000000 1000.0000000000 0.0000000000 1845.9999999981 1000.0000000000 706.0000000000
14:38:59.234 1000.0000000000 1000.0000000000 0.0000000000 1846.9999999981 1000.0000000000 707.0000000000
14:38:59.265 1000.0000000000 1000.0000000000 0.0000000000 1844.9999999981 1000.0000000000 705.0000000000
14:38:59.296 1000.0000000000 1000.0000000000 0.0000000000 1844.9999999981 1000.0000000000 705.0000000000
14:38:59.328 1000.0000000000 1000.0000000000 0.0000000000 1845.9999999981 1000.0000000000 706.0000000000
14:38:59.359 1000.0000000000 1000.0000000000 0.0000000000 1843.9999999981 1000.0000000000 704.0000000000
14:38:59.390 1000.0000000000 1000.0000000000 0.0000000000 1843.9999999981 1000.0000000000 704.0000000000
14:38:59.421 1000.0000000000 1000.0000000000 0.0000000000 1843.9999999981 1000.0000000000 704.0000000000
14:38:59.453 1000.0000000000 1000.0000000000 0.0000000000 1843.9999999981 1000.0000000000 704.0000000000
14:38:59.484 1000.0000000000 1000.0000000000 0.0000000000 1845.9999999981 1000.0000000000 706.0000000000
14:38:59.515 1000.0000000000 1000.0000000000 0.0000000000 1843.9999999981 1000.0000000000 704.0000000000
14:38:59.546 1000.0000000000 1000.0000000000 0.0000000000 1843.9999999981 1000.0000000000 704.0000000000
14:38:59.578 1000.0000000000 1000.0000000000 0.0000000000 1846.9999999981 1000.0000000000 707.0000000000
14:38:59.609 1000.0000000000 1000.0000000000 0.0000000000 1848.9999999981 1000.0000000000 709.0000000000
14:38:59.640 1000.0000000000 1000.0000000000 0.0000000000 1843.9999999981 1000.0000000000 704.0000000000
14:38:59.671 1000.0000000000 1000.0000000000 0.0000000000 1848.9999999981 1000.0000000000 709.0000000000
14:38:59.703 1000.0000000000 1000.0000000000 0.0000000000 1849.9999999981 1000.0000000000 710.0000000000
14:38:59.734 1000.0000000000 1000.0000000000 0.0000000000 1849.9999999981 1000.0000000000 710.0000000000
14:38:59.765 1000.0000000000 1000.0000000000 0.0000000000 1854.9999999981 1000.0000000000 715.0000000000
14:38:59.796 1000.0000000000 1000.0000000000 0.0000000000 1856.9999999981 1000.0000000000 717.0000000000
14:38:59.828 1000.0000000000 1000.0000000000 0.0000000000 1849.9999999981 1000.0000000000 710.0000000000
14:38:59.859 1000.0000000000 1000.0000000000 0.0000000000 1851.9999999981 1000.0000000000 712.0000000000
14:38:59.890 1000.0000000000 1000.0000000000 0.0000000000 1849.9999999981 1000.0000000000 710.0000000000
14:38:59.921 1000.0000000000 1000.0000000000 0.0000000000 1849.9999999981 1000.0000000000 710.0000000000
14:38:59.953 1000.0000000000 1000.0000000000 0.0000000000 1849.9999999981 1000.0000000000 710.0000000000
14:38:59.984 1000.0000000000 1000.0000000000 0.0000000000 1853.9999999981 1000.0000000000 714.0000000000
14:39:00.015 1000.0000000000 1000.0000000000 0.0000000000 1847.9999999981 1000.0000000000 708.0000000000
14:39:00.046 1000.0000000000 1000.0000000000 0.0000000000 1849.9999999981 1000.0000000000 710.0000000000
14:39:00.078 1000.0000000000 1000.0000000000 0.0000000000 1849.9999999981 1000.0000000000 710.0000000000
14:39:00.109 1000.0000000000 1000.0000000000 0.0000000000 1849.9999999981 1000.0000000000 710.0000000000
14:39:00.140 1000.0000000000 1000.0000000000 0.0000000000 1849.9999999981 1000.0000000000 710.0000000000
14:39:00.171 1000.0000000000 1000.0000000000 0.0000000000 1847.9999999981 1000.0000000000 708.0000000000
14:39:00.203 1000.0000000000 1000.0000000000 0.0000000000 1845.9999999981 1000.0000000000 706.0000000000
14:39:00.234 1000.0000000000 1000.0000000000 0.0000000000 1847.9999999981 1000.0000000000 708.0000000000
14:39:00.265 1000.0000000000 1000.0000000000 0.0000000000 1845.9999999981 1000.0000000000 706.0000000000
14:39:00.296 1000.0000000000 1000.0000000000 0.0000000000 1845.9999999981 1000.0000000000 706.0000000000
14:39:00.328 1000.0000000000 1000.0000000000 0.0000000000 1846.9999999981 1000.0000000000 707.0000000000
14:39:00.359 1000.0000000000 1000.0000000000 0.0000000000 1847.9999999981 1000.0000000000 708.0000000000
14:39:00.390 1000.0000000000 1000.0000000000 0.0000000000 1847.9999999981 1000.0000000000 708.0000000000
14:39:00.421 1000.0000000000 1000.0000000000 0.0000000000 1852.9999999981 1000.0000000000 713.0000000000
14:39:00.453 1000.0000000000 1000.0000000000 0.0000000000 1847.9999999981 1000.0000000000 708.0000000000
14:39:00.484 1000.0000000000 1000.0000000000 0.0000000000 1846.9999999981 1000.0000000000 707.0000000000
14:39:00.515 1000.0000000000 1000.0000000000 0.0000000000 1847.9999999981 1000.0000000000 708.0000000000
14:39:00.546 1000.0000000000 1000.0000000000 0.0000000000 1853.9999999981 1000.0000000000 714.0000000000
14:39:00.578 1000.0000000000 1000.0000000000 0.0000000000 1853.9999999981 1000.0000000000 714.0000000000
14:39:00.609 1000.0000000000 1000.0000000000 0.0000000000 1853.9999999981 1000.0000000000 714.0000000000
14:39:00.640 1000.0000000000 1000.0000000000 0.0000000000 1853.9999999981 1000.0000000000 714.0000000000
14:39:00.671 1000.0000000000 1000.0000000000 0.0000000000 1846.9999999981 1000.0000000000 707.0000000000
14:39:00.703 1000.0000000000 1000.0000000000 0.0000000000 1852.9999999981 1000.0000000000 713.0000000000
14:39:00.734 1000.0000000000 1000.0000000000 0.0000000000 1848.9999999981 1000.0000000000 709.0000000000
14:39:00.765 1000.0000000000 1000.0000000000 0.0000000000 1848.9999999981 1000.0000000000 709.0000000000
14:39:00.796 1000.0000000000 1000.0000000000 0.0000000000 1848.9999999981 1000.0000000000 709.0000000000
14:39:00.828 1000.0000000000 1000.0000000000 0.0000000000 1853.9999999981 1000.0000000000 714.0000000000
14:39:00.859 1000.0000000000 1000.0000000000 0.0000000000 1853.9999999981 1000.0000000000 714.0000000000
14:39:00.890 1000.0000000000 1000.0000000000 0.0000000000 1855.9999999981 1000.0000000000 716.0000000000
14:39:00.921 1000.0000000000 1000.0000000000 0.0000000000 1853.9999999981 1000.0000000000 714.0000000000
14:39:00.953 1000.0000000000 1000.0000000000 0.0000000000 1852.9999999981 1000.0000000000 713.0000000000
14:39:00.984 1000.0000000000 1000.0000000000 0.0000000000 1852.9999999981 1000.0000000000 713.0000000000
14:39:01.015 1000.0000000000 1000.0000000000 0.0000000000 1846.9999999981 1000.0000000000 707.0000000000
14:39:01.046 1000.0000000000 1000.0000000000 0.0000000000 1846.9999999981 1000.0000000000 707.0000000000
14:39:01.078 1000.0000000000 1000.0000000000 0.0000000000 1846.9999999981 1000.0000000000 707.0000000000
14:39:01.109 1000.0000000000 1000.0000000000 0.0000000000 1846.9999999981 1000.0000000000 707.0000000000
14:39:01.140 1000.0000000000 1000.0000000000 0.0000000000 1846.9999999981 1000.0000000000 707.0000000000
14:39:01.171 1000.0000000000 1000.0000000000 0.0000000000 1848.9999999981 1000.0000000000 709.0000000000
14:39:01.203 1000.0000000000 1000.0000000000 0.0000000000 1851.9999999981 1000.0000000000 712.0000000000
14:39:01.234 1000.0000000000 1000.0000000000 0.0000000000 1846.9999999981 1000.0000000000 707.0000000000
14:39:01.265 1000.0000000000 1000.0000000000 0.0000000000 1851.9999999981 1000.0000000000 712.0000000000
14:39:01.296 1000.0000000000 1000.0000000000 0.0000000000 1846.9999999981 1000.0000000000 707.0000000000
14:39:01.328 1000.0000000000 1000.0000000000 0.0000000000 1843.9999999981 1000.0000000000 704.0000000000
14:39:01.359 1000.0000000000 1000.0000000000 0.0000000000 1845.9999999981 1000.0000000000 706.0000000000
14:39:01.390 1000.0000000000 1000.0000000000 0.0000000000 1846.9999999981 1000.0000000000 707.0000000000
14:39:01.421 1000.0000000000 1000.0000000000 0.0000000000 1846.9999999981 1000.0000000000 707.0000000000
14:39:01.453 1000.0000000000 1000.0000000000 0.0000000000 1849.9999999981 1000.0000000000 710.0000000000
14:39:01.484 1000.0000000000 1000.0000000000 0.0000000000 1848.9999999981 1000.0000000000 709.0000000000
14:39:01.515 1000.0000000000 1000.0000000000 0.0000000000 1848.9999999981 1000.0000000000 709.0000000000
14:39:01.546 1000.0000000000 1000.0000000000 0.0000000000 1888.9999999981 1000.0000000000 749.0000000000
14:39:01.578 1000.0000000000 1000.0000000000 0.0000000000 1850.9999999981 1000.0000000000 711.0000000000
14:39:01.609 1000.0000000000 1000.0000000000 0.0000000000 1850.9999999981 1000.0000000000 711.0000000000
14:39:01.640 1000.0000000000 1000.0000000000 0.0000000000 1850.9999999981 1000.0000000000 711.0000000000
14:39:01.671 1000.0000000000 1000.0000000000 0.0000000000 1851.9999999981 1000.0000000000 712.0000000000
14:39:01.703 1000.0000000000 1000.0000000000 0.0000000000 1848.9999999981 1000.0000000000 709.0000000000
14:39:01.734 1000.0000000000 1000.0000000000 0.0000000000 1851.9999999981 1000.0000000000 712.0000000000
14:39:01.765 1000.0000000000 1000.0000000000 0.0000000000 1848.9999999981 1000.0000000000 709.0000000000
14:39:01.796 1000.0000000000 1000.0000000000 0.0000000000 1848.9999999981 1000.0000000000 709.0000000000
14:39:01.828 1000.0000000000 1000.0000000000 0.0000000000 1855.9999999981 1000.0000000000 716.0000000000
14:39:01.859 1000.0000000000 1000.0000000000 0.0000000000 1854.9999999981 1000.0000000000 715.0000000000
14:39:01.890 1000.0000000000 1000.0000000000 0.0000000000 1848.9999999981 1000.0000000000 709.0000000000
14:39:01.921 1000.0000000000 1000.0000000000 0.0000000000 1849.9999999981 1000.0000000000 710.0000000000
14:39:01.953 1000.0000000000 1000.0000000000 0.0000000000 1848.9999999981 1000.0000000000 709.0000000000
14:39:01.984 1000.0000000000 1000.0000000000 0.0000000000 1846.9999999981 1000.0000000000 707.0000000000
14:39:02.015 1000.0000000000 1000.0000000000 0.0000000000 1848.9999999981 1000.0000000000 709.0000000000
14:39:02.046 1000.0000000000 1000.0000000000 0.0000000000 1848.9999999981 1000.0000000000 709.0000000000
14:39:02.078 1000.0000000000 1000.0000000000 0.0000000000 1846.9999999981 1000.0000000000 707.0000000000
14:39:02.109 1000.0000000000 1000.0000000000 0.0000000000 1848.9999999981 1000.0000000000 709.0000000000
14:39:02.140 1000.0000000000 1000.0000000000 0.0000000000 1848.9999999981 1000.0000000000 709.0000000000
14:39:02.171 1000.0000000000 1000.0000000000 0.0000000000 1848.9999999981 1000.0000000000 709.0000000000
14:39:02.203 1000.0000000000 1000.0000000000 0.0000000000 1848.9999999981 1000.0000000000 709.0000000000
14:39:02.234 1000.0000000000 1000.0000000000 0.0000000000 1842.9999999981 1000.0000000000 703.0000000000
14:39:02.265 1000.0000000000 1000.0000000000 0.0000000000 1834.9999999981 1000.0000000000 695.0000000000
14:39:02.296 1000.0000000000 1000.0000000000 0.0000000000 1842.9999999981 1000.0000000000 703.0000000000
14:39:02.328 1000.0000000000 1000.0000000000 0.0000000000 1846.9999999981 1000.0000000000 707.0000000000
14:39:02.359 1000.0000000000 1000.0000000000 0.0000000000 1846.9999999981 1000.0000000000 707.0000000000
14:39:02.390 1000.0000000000 1000.0000000000 0.0000000000 1846.9999999981 1000.0000000000 707.0000000000
14:39:02.421 1000.0000000000 1000.0000000000 0.0000000000 1844.9999999981 1000.0000000000 705.0000000000
14:39:02.453 1000.0000000000 1000.0000000000 0.0000000000 1844.9999999981 1000.0000000000 705.0000000000
14:39:02.484 1000.0000000000 1000.0000000000 0.0000000000 1854.9999999981 1000.0000000000 715.0000000000
14:39:02.515 1000.0000000000 1000.0000000000 0.0000000000 1844.9999999981 1000.0000000000 705.0000000000
14:39:02.546 1000.0000000000 1000.0000000000 0.0000000000 1843.9999999981 1000.0000000000 704.0000000000
14:39:02.578 1000.0000000000 1000.0000000000 0.0000000000 1844.9999999981 1000.0000000000 705.0000000000
14:39:02.609 1000.0000000000 1000.0000000000 0.0000000000 1843.9999999981 1000.0000000000 704.0000000000
14:39:02.640 1000.0000000000 1000.0000000000 0.0000000000 1843.9999999981 1000.0000000000 704.0000000000
14:39:02.671 1000.0000000000 1000.0000000000 0.0000000000 1853.9999999981 1000.0000000000 714.0000000000
14:39:02.703 1000.0000000000 1000.0000000000 0.0000000000 1855.9999999981 1000.0000000000 716.0000000000
14:39:02.734 1000.0000000000 1000.0000000000 0.0000000000 1843.9999999981 1000.0000000000 704.0000000000
14:39:02.765 1000.0000000000 1000.0000000000 0.0000000000 1848.9999999981 1000.0000000000 709.0000000000
14:39:02.796 1000.0000000000 1000.0000000000 0.0000000000 1843.9999999981 1000.0000000000 704.0000000000
14:39:02.828 1000.0000000000 1000.0000000000 0.0000000000 1843.9999999981 1000.0000000000 704.0000000000
