Тестовая информация 0. Исходные сенсорные данные: Time, X_rob, Y_rob, Ang_rob, X_obj, Y_obj, Distance (мм, град)
14:39:19.984 1000.0000000000 1000.0000000000 0.0000000000 1898.9999999981 1000.0000000000 759.0000000000
14:39:20.015 1000.0000000000 1000.0000000000 0.0000000000 1898.9999999981 1000.0000000000 759.0000000000
14:39:20.046 1000.0000000000 1000.0000000000 0.0000000000 1902.9999999981 1000.0000000000 763.0000000000
14:39:20.078 1000.0000000000 1000.0000000000 0.0000000000 1898.9999999981 1000.0000000000 759.0000000000
14:39:20.109 1000.0000000000 1000.0000000000 0.0000000000 1900.9999999981 1000.0000000000 761.0000000000
14:39:20.140 1000.0000000000 1000.0000000000 0.0000000000 1898.9999999981 1000.0000000000 759.0000000000
14:39:20.171 1000.0000000000 1000.0000000000 0.0000000000 1896.9999999981 1000.0000000000 757.0000000000
14:39:20.203 1000.0000000000 1000.0000000000 0.0000000000 1898.9999999981 1000.0000000000 759.0000000000
14:39:20.234 1000.0000000000 1000.0000000000 0.0000000000 1900.9999999981 1000.0000000000 761.0000000000
14:39:20.265 1000.0000000000 1000.0000000000 0.0000000000 1896.9999999981 1000.0000000000 757.0000000000
14:39:20.296 1000.0000000000 1000.0000000000 0.0000000000 1896.9999999981 1000.0000000000 757.0000000000
14:39:20.328 1000.0000000000 1000.0000000000 0.0000000000 1895.9999999981 1000.0000000000 756.0000000000
14:39:20.359 1000.0000000000 1000.0000000000 0.0000000000 1890.9999999981 1000.0000000000 751.0000000000
14:39:20.390 1000.0000000000 1000.0000000000 0.0000000000 1893.9999999981 1000.0000000000 754.0000000000
14:39:20.421 1000.0000000000 1000.0000000000 0.0000000000 1895.9999999981 1000.0000000000 756.0000000000
14:39:20.453 1000.0000000000 1000.0000000000 0.0000000000 1890.9999999981 1000.0000000000 751.0000000000
14:39:20.484 1000.0000000000 1000.0000000000 0.0000000000 1893.9999999981 1000.0000000000 754.0000000000
14:39:20.515 1000.0000000000 1000.0000000000 0.0000000000 1895.9999999981 1000.0000000000 756.0000000000
14:39:20.546 1000.0000000000 1000.0000000000 0.0000000000 1895.9999999981 1000.0000000000 756.0000000000
14:39:20.578 1000.0000000000 1000.0000000000 0.0000000000 1898.9999999981 1000.0000000000 759.0000000000
14:39:20.609 1000.0000000000 1000.0000000000 0.0000000000 1900.9999999981 1000.0000000000 761.0000000000
14:39:20.640 1000.0000000000 1000.0000000000 0.0000000000 1900.9999999981 1000.0000000000 761.0000000000
14:39:20.671 1000.0000000000 1000.0000000000 0.0000000000 1900.9999999981 1000.0000000000 761.0000000000
14:39:20.703 1000.0000000000 1000.0000000000 0.0000000000 1899.9999999981 1000.0000000000 760.0000000000
14:39:20.734 1000.0000000000 1000.0000000000 0.0000000000 1895.9999999981 1000.0000000000 756.0000000000
14:39:20.765 1000.0000000000 1000.0000000000 0.0000000000 1899.9999999981 1000.0000000000 760.0000000000
14:39:20.796 1000.0000000000 1000.0000000000 0.0000000000 1899.9999999981 1000.0000000000 760.0000000000
14:39:20.828 1000.0000000000 1000.0000000000 0.0000000000 1899.9999999981 1000.0000000000 760.0000000000
14:39:20.859 1000.0000000000 1000.0000000000 0.0000000000 1899.9999999981 1000.0000000000 760.0000000000
14:39:20.890 1000.0000000000 1000.0000000000 0.0000000000 1903.9999999981 1000.0000000000 764.0000000000
14:39:20.921 1000.0000000000 1000.0000000000 0.0000000000 1903.9999999981 1000.0000000000 764.0000000000
14:39:20.953 1000.0000000000 1000.0000000000 0.0000000000 1907.9999999981 1000.0000000000 768.0000000000
14:39:20.984 1000.0000000000 1000.0000000000 0.0000000000 1903.9999999981 1000.0000000000 764.0000000000
14:39:21.015 1000.0000000000 1000.0000000000 0.0000000000 1903.9999999981 1000.0000000000 764.0000000000
14:39:21.046 1000.0000000000 1000.0000000000 0.0000000000 1903.9999999981 1000.0000000000 764.0000000000
14:39:21.078 1000.0000000000 1000.0000000000 0.0000000000 1903.9999999981 1000.0000000000 764.0000000000
14:39:21.109 1000.0000000000 1000.0000000000 0.0000000000 1899.9999999981 1000.0000000000 760.0000000000
14:39:21.140 1000.0000000000 1000.0000000000 0.0000000000 1899.9999999981 1000.0000000000 760.0000000000
14:39:21.171 1000.0000000000 1000.0000000000 0.0000000000 1898.9999999981 1000.0000000000 759.0000000000
14:39:21.203 1000.0000000000 1000.0000000000 0.0000000000 1898.9999999981 1000.0000000000 759.0000000000
14:39:21.234 1000.0000000000 1000.0000000000 0.0000000000 1898.9999999981 1000.0000000000 759.0000000000
14:39:21.265 1000.0000000000 1000.0000000000 0.0000000000 1897.9999999981 1000.0000000000 758.0000000000
14:39:21.296 1000.0000000000 1000.0000000000 0.0000000000 1897.9999999981 1000.0000000000 758.0000000000
14:39:21.328 1000.0000000000 1000.0000000000 0.0000000000 1904.9999999981 1000.0000000000 765.0000000000
14:39:21.359 1000.0000000000 1000.0000000000 0.0000000000 1908.9999999981 1000.0000000000 769.0000000000
14:39:21.390 1000.0000000000 1000.0000000000 0.0000000000 1908.9999999981 1000.0000000000 769.0000000000
14:39:21.421 1000.0000000000 1000.0000000000 0.0000000000 1908.9999999981 1000.0000000000 769.0000000000
14:39:21.453 1000.0000000000 1000.0000000000 0.0000000000 1902.9999999981 1000.0000000000 763.0000000000
14:39:21.484 1000.0000000000 1000.0000000000 0.0000000000 1902.9999999981 1000.0000000000 763.0000000000
14:39:21.515 1000.0000000000 1000.0000000000 0.0000000000 1904.9999999981 1000.0000000000 765.0000000000
14:39:21.546 1000.0000000000 1000.0000000000 0.0000000000 1902.9999999981 1000.0000000000 763.0000000000
14:39:21.578 1000.0000000000 1000.0000000000 0.0000000000 1897.9999999981 1000.0000000000 758.0000000000
14:39:21.609 1000.0000000000 1000.0000000000 0.0000000000 1897.9999999981 1000.0000000000 758.0000000000
14:39:21.640 1000.0000000000 1000.0000000000 0.0000000000 1892.9999999981 1000.0000000000 753.0000000000
14:39:21.671 1000.0000000000 1000.0000000000 0.0000000000 1892.9999999981 1000.0000000000 753.0000000000
14:39:21.703 1000.0000000000 1000.0000000000 0.0000000000 1903.9999999981 1000.0000000000 764.0000000000
14:39:21.734 1000.0000000000 1000.0000000000 0.0000000000 1903.9999999981 1000.0000000000 764.0000000000
14:39:21.765 1000.0000000000 1000.0000000000 0.0000000000 1892.9999999981 1000.0000000000 753.0000000000
14:39:21.796 1000.0000000000 1000.0000000000 0.0000000000 1903.9999999981 1000.0000000000 764.0000000000
14:39:21.828 1000.0000000000 1000.0000000000 0.0000000000 1892.9999999981 1000.0000000000 753.0000000000
14:39:21.859 1000.0000000000 1000.0000000000 0.0000000000 1892.9999999981 1000.0000000000 753.0000000000
14:39:21.890 1000.0000000000 1000.0000000000 0.0000000000 1907.9999999981 1000.0000000000 768.0000000000
14:39:21.921 1000.0000000000 1000.0000000000 0.0000000000 1907.9999999981 1000.0000000000 768.0000000000
14:39:21.953 1000.0000000000 1000.0000000000 0.0000000000 1892.9999999981 1000.0000000000 753.0000000000
14:39:21.984 1000.0000000000 1000.0000000000 0.0000000000 1907.9999999981 1000.0000000000 768.0000000000
14:39:22.015 1000.0000000000 1000.0000000000 0.0000000000 1909.9999999981 1000.0000000000 770.0000000000
14:39:22.046 1000.0000000000 1000.0000000000 0.0000000000 1909.9999999981 1000.0000000000 770.0000000000
14:39:22.078 1000.0000000000 1000.0000000000 0.0000000000 1909.9999999981 1000.0000000000 770.0000000000
14:39:22.109 1000.0000000000 1000.0000000000 0.0000000000 1895.9999999981 1000.0000000000 756.0000000000
14:39:22.140 1000.0000000000 1000.0000000000 0.0000000000 1895.9999999981 1000.0000000000 756.0000000000
14:39:22.171 1000.0000000000 1000.0000000000 0.0000000000 1902.9999999981 1000.0000000000 763.0000000000
14:39:22.203 1000.0000000000 1000.0000000000 0.0000000000 1901.9999999981 1000.0000000000 762.0000000000
14:39:22.234 1000.0000000000 1000.0000000000 0.0000000000 1901.9999999981 1000.0000000000 762.0000000000
14:39:22.265 1000.0000000000 1000.0000000000 0.0000000000 1901.9999999981 1000.0000000000 762.0000000000
14:39:22.296 1000.0000000000 1000.0000000000 0.0000000000 1890.9999999981 1000.0000000000 751.0000000000
14:39:22.328 1000.0000000000 1000.0000000000 0.0000000000 1890.9999999981 1000.0000000000 751.0000000000
14:39:22.359 1000.0000000000 1000.0000000000 0.0000000000 1898.9999999981 1000.0000000000 759.0000000000
14:39:22.390 1000.0000000000 1000.0000000000 0.0000000000 1894.9999999981 1000.0000000000 755.0000000000
14:39:22.421 1000.0000000000 1000.0000000000 0.0000000000 1894.9999999981 1000.0000000000 755.0000000000
14:39:22.453 1000.0000000000 1000.0000000000 0.0000000000 1904.9999999981 1000.0000000000 765.0000000000
14:39:22.484 1000.0000000000 1000.0000000000 0.0000000000 1897.9999999981 1000.0000000000 758.0000000000
14:39:22.515 1000.0000000000 1000.0000000000 0.0000000000 1894.9999999981 1000.0000000000 755.0000000000
14:39:22.546 1000.0000000000 1000.0000000000 0.0000000000 1894.9999999981 1000.0000000000 755.0000000000
14:39:22.578 1000.0000000000 1000.0000000000 0.0000000000 1892.9999999981 1000.0000000000 753.0000000000
14:39:22.609 1000.0000000000 1000.0000000000 0.0000000000 1885.9999999981 1000.0000000000 746.0000000000
14:39:22.640 1000.0000000000 1000.0000000000 0.0000000000 1892.9999999981 1000.0000000000 753.0000000000
14:39:22.671 1000.0000000000 1000.0000000000 0.0000000000 1896.9999999981 1000.0000000000 757.0000000000
14:39:22.703 1000.0000000000 1000.0000000000 0.0000000000 1896.9999999981 1000.0000000000 757.0000000000
14:39:22.734 1000.0000000000 1000.0000000000 0.0000000000 1898.9999999981 1000.0000000000 759.0000000000
14:39:22.765 1000.0000000000 1000.0000000000 0.0000000000 1906.9999999981 1000.0000000000 767.0000000000
14:39:22.796 1000.0000000000 1000.0000000000 0.0000000000 1897.9999999981 1000.0000000000 758.0000000000
14:39:22.828 1000.0000000000 1000.0000000000 0.0000000000 1901.9999999981 1000.0000000000 762.0000000000
14:39:22.859 1000.0000000000 1000.0000000000 0.0000000000 1897.9999999981 1000.0000000000 758.0000000000
14:39:22.890 1000.0000000000 1000.0000000000 0.0000000000 1897.9999999981 1000.0000000000 758.0000000000
14:39:22.921 1000.0000000000 1000.0000000000 0.0000000000 1897.9999999981 1000.0000000000 758.0000000000
14:39:22.953 1000.0000000000 1000.0000000000 0.0000000000 1907.9999999981 1000.0000000000 768.0000000000
14:39:22.984 1000.0000000000 1000.0000000000 0.0000000000 1906.9999999981 1000.0000000000 767.0000000000
14:39:23.015 1000.0000000000 1000.0000000000 0.0000000000 1906.9999999981 1000.0000000000 767.0000000000
14:39:23.046 1000.0000000000 1000.0000000000 0.0000000000 1904.9999999981 1000.0000000000 765.0000000000
14:39:23.078 1000.0000000000 1000.0000000000 0.0000000000 1892.9999999981 1000.0000000000 753.0000000000
14:39:23.109 1000.0000000000 1000.0000000000 0.0000000000 1899.9999999981 1000.0000000000 760.0000000000
14:39:23.140 1000.0000000000 1000.0000000000 0.0000000000 1904.9999999981 1000.0000000000 765.0000000000
14:39:23.171 1000.0000000000 1000.0000000000 0.0000000000 1901.9999999981 1000.0000000000 762.0000000000
14:39:23.203 1000.0000000000 1000.0000000000 0.0000000000 1903.9999999981 1000.0000000000 764.0000000000
14:39:23.234 1000.0000000000 1000.0000000000 0.0000000000 1901.9999999981 1000.0000000000 762.0000000000
14:39:23.265 1000.0000000000 1000.0000000000 0.0000000000 1895.9999999981 1000.0000000000 756.0000000000
14:39:23.296 1000.0000000000 1000.0000000000 0.0000000000 1895.9999999981 1000.0000000000 756.0000000000
14:39:23.328 1000.0000000000 1000.0000000000 0.0000000000 1901.9999999981 1000.0000000000 762.0000000000
14:39:23.359 1000.0000000000 1000.0000000000 0.0000000000 1893.9999999981 1000.0000000000 754.0000000000
14:39:23.390 1000.0000000000 1000.0000000000 0.0000000000 1901.9999999981 1000.0000000000 762.0000000000
14:39:23.421 1000.0000000000 1000.0000000000 0.0000000000 1893.9999999981 1000.0000000000 754.0000000000
14:39:23.453 1000.0000000000 1000.0000000000 0.0000000000 1893.9999999981 1000.0000000000 754.0000000000
14:39:23.484 1000.0000000000 1000.0000000000 0.0000000000 1896.9999999981 1000.0000000000 757.0000000000
14:39:23.515 1000.0000000000 1000.0000000000 0.0000000000 1895.9999999981 1000.0000000000 756.0000000000
14:39:23.546 1000.0000000000 1000.0000000000 0.0000000000 1893.9999999981 1000.0000000000 754.0000000000
14:39:23.578 1000.0000000000 1000.0000000000 0.0000000000 1893.9999999981 1000.0000000000 754.0000000000
14:39:23.609 1000.0000000000 1000.0000000000 0.0000000000 1888.9999999981 1000.0000000000 749.0000000000
14:39:23.640 1000.0000000000 1000.0000000000 0.0000000000 1888.9999999981 1000.0000000000 749.0000000000
14:39:23.671 1000.0000000000 1000.0000000000 0.0000000000 1898.9999999981 1000.0000000000 759.0000000000
14:39:23.703 1000.0000000000 1000.0000000000 0.0000000000 1904.9999999981 1000.0000000000 765.0000000000
14:39:23.734 1000.0000000000 1000.0000000000 0.0000000000 1904.9999999981 1000.0000000000 765.0000000000
14:39:23.765 1000.0000000000 1000.0000000000 0.0000000000 1904.9999999981 1000.0000000000 765.0000000000
14:39:23.796 1000.0000000000 1000.0000000000 0.0000000000 1901.9999999981 1000.0000000000 762.0000000000
14:39:23.828 1000.0000000000 1000.0000000000 0.0000000000 1896.9999999981 1000.0000000000 757.0000000000
14:39:23.859 1000.0000000000 1000.0000000000 0.0000000000 1897.9999999981 1000.0000000000 758.0000000000
14:39:23.890 1000.0000000000 1000.0000000000 0.0000000000 1896.9999999981 1000.0000000000 757.0000000000
14:39:23.921 1000.0000000000 1000.0000000000 0.0000000000 1895.9999999981 1000.0000000000 756.0000000000
14:39:23.953 1000.0000000000 1000.0000000000 0.0000000000 1896.9999999981 1000.0000000000 757.0000000000
14:39:23.984 1000.0000000000 1000.0000000000 0.0000000000 1903.9999999981 1000.0000000000 764.0000000000
14:39:24.015 1000.0000000000 1000.0000000000 0.0000000000 1896.9999999981 1000.0000000000 757.0000000000
14:39:24.046 1000.0000000000 1000.0000000000 0.0000000000 1901.9999999981 1000.0000000000 762.0000000000
14:39:24.078 1000.0000000000 1000.0000000000 0.0000000000 1898.9999999981 1000.0000000000 759.0000000000
14:39:24.109 1000.0000000000 1000.0000000000 0.0000000000 1898.9999999981 1000.0000000000 759.0000000000
14:39:24.140 1000.0000000000 1000.0000000000 0.0000000000 1898.9999999981 1000.0000000000 759.0000000000
14:39:24.171 1000.0000000000 1000.0000000000 0.0000000000 1896.9999999981 1000.0000000000 757.0000000000
14:39:24.203 1000.0000000000 1000.0000000000 0.0000000000 1887.9999999981 1000.0000000000 748.0000000000
14:39:24.234 1000.0000000000 1000.0000000000 0.0000000000 1893.9999999981 1000.0000000000 754.0000000000
14:39:24.265 1000.0000000000 1000.0000000000 0.0000000000 1896.9999999981 1000.0000000000 757.0000000000
14:39:24.296 1000.0000000000 1000.0000000000 0.0000000000 1896.9999999981 1000.0000000000 757.0000000000
14:39:24.328 1000.0000000000 1000.0000000000 0.0000000000 1898.9999999981 1000.0000000000 759.0000000000
14:39:24.359 1000.0000000000 1000.0000000000 0.0000000000 1906.9999999981 1000.0000000000 767.0000000000
14:39:24.390 1000.0000000000 1000.0000000000 0.0000000000 1906.9999999981 1000.0000000000 767.0000000000
14:39:24.421 1000.0000000000 1000.0000000000 0.0000000000 1948.9999999981 1000.0000000000 809.0000000000
14:39:24.453 1000.0000000000 1000.0000000000 0.0000000000 1909.9999999981 1000.0000000000 770.0000000000
14:39:24.484 1000.0000000000 1000.0000000000 0.0000000000 1906.9999999981 1000.0000000000 767.0000000000
14:39:24.515 1000.0000000000 1000.0000000000 0.0000000000 1906.9999999981 1000.0000000000 767.0000000000
14:39:24.546 1000.0000000000 1000.0000000000 0.0000000000 1895.9999999981 1000.0000000000 756.0000000000
14:39:24.578 1000.0000000000 1000.0000000000 0.0000000000 1895.9999999981 1000.0000000000 756.0000000000
14:39:24.609 1000.0000000000 1000.0000000000 0.0000000000 1901.9999999981 1000.0000000000 762.0000000000
14:39:24.640 1000.0000000000 1000.0000000000 0.0000000000 1903.9999999981 1000.0000000000 764.0000000000
14:39:24.671 1000.0000000000 1000.0000000000 0.0000000000 1899.9999999981 1000.0000000000 760.0000000000
14:39:24.703 1000.0000000000 1000.0000000000 0.0000000000 1903.9999999981 1000.0000000000 764.0000000000
14:39:24.734 1000.0000000000 1000.0000000000 0.0000000000 1912.9999999981 1000.0000000000 773.0000000000
14:39:24.765 1000.0000000000 1000.0000000000 0.0000000000 1909.9999999981 1000.0000000000 770.0000000000
14:39:24.796 1000.0000000000 1000.0000000000 0.0000000000 1909.9999999981 1000.0000000000 770.0000000000
14:39:24.828 1000.0000000000 1000.0000000000 0.0000000000 1900.9999999981 1000.0000000000 761.0000000000
14:39:24.859 1000.0000000000 1000.0000000000 0.0000000000 1892.9999999981 1000.0000000000 753.0000000000
14:39:24.890 1000.0000000000 1000.0000000000 0.0000000000 1898.9999999981 1000.0000000000 759.0000000000
14:39:24.921 1000.0000000000 1000.0000000000 0.0000000000 1900.9999999981 1000.0000000000 761.0000000000
14:39:24.953 1000.0000000000 1000.0000000000 0.0000000000 1900.9999999981 1000.0000000000 761.0000000000
14:39:24.984 1000.0000000000 1000.0000000000 0.0000000000 1900.9999999981 1000.0000000000 761.0000000000
14:39:25.015 1000.0000000000 1000.0000000000 0.0000000000 1896.9999999981 1000.0000000000 757.0000000000
14:39:25.046 1000.0000000000 1000.0000000000 0.0000000000 1886.9999999981 1000.0000000000 747.0000000000
14:39:25.078 1000.0000000000 1000.0000000000 0.0000000000 1895.9999999981 1000.0000000000 756.0000000000
14:39:25.109 1000.0000000000 1000.0000000000 0.0000000000 1886.9999999981 1000.0000000000 747.0000000000
14:39:25.140 1000.0000000000 1000.0000000000 0.0000000000 1886.9999999981 1000.0000000000 747.0000000000
14:39:25.171 1000.0000000000 1000.0000000000 0.0000000000 1886.9999999981 1000.0000000000 747.0000000000
14:39:25.203 1000.0000000000 1000.0000000000 0.0000000000 1894.9999999981 1000.0000000000 755.0000000000
14:39:25.234 1000.0000000000 1000.0000000000 0.0000000000 1894.9999999981 1000.0000000000 755.0000000000
14:39:25.265 1000.0000000000 1000.0000000000 0.0000000000 1903.9999999981 1000.0000000000 764.0000000000
14:39:25.296 1000.0000000000 1000.0000000000 0.0000000000 1894.9999999981 1000.0000000000 755.0000000000
14:39:25.328 1000.0000000000 1000.0000000000 0.0000000000 1894.9999999981 1000.0000000000 755.0000000000
14:39:25.359 1000.0000000000 1000.0000000000 0.0000000000 1899.9999999981 1000.0000000000 760.0000000000
14:39:25.390 1000.0000000000 1000.0000000000 0.0000000000 1899.9999999981 1000.0000000000 760.0000000000
14:39:25.421 1000.0000000000 1000.0000000000 0.0000000000 1895.9999999981 1000.0000000000 756.0000000000
14:39:25.453 1000.0000000000 1000.0000000000 0.0000000000 1899.9999999981 1000.0000000000 760.0000000000
14:39:25.484 1000.0000000000 1000.0000000000 0.0000000000 1901.9999999981 1000.0000000000 762.0000000000
14:39:25.515 1000.0000000000 1000.0000000000 0.0000000000 1901.9999999981 1000.0000000000 762.0000000000
14:39:25.546 1000.0000000000 1000.0000000000 0.0000000000 1901.9999999981 1000.0000000000 762.0000000000
14:39:25.578 1000.0000000000 1000.0000000000 0.0000000000 1902.9999999981 1000.0000000000 763.0000000000
14:39:25.609 1000.0000000000 1000.0000000000 0.0000000000 1902.9999999981 1000.0000000000 763.0000000000
14:39:25.640 1000.0000000000 1000.0000000000 0.0000000000 1902.9999999981 1000.0000000000 763.0000000000
14:39:25.671 1000.0000000000 1000.0000000000 0.0000000000 1901.9999999981 1000.0000000000 762.0000000000
14:39:25.703 1000.0000000000 1000.0000000000 0.0000000000 1897.9999999981 1000.0000000000 758.0000000000
14:39:25.734 1000.0000000000 1000.0000000000 0.0000000000 1899.9999999981 1000.0000000000 760.0000000000
14:39:25.765 1000.0000000000 1000.0000000000 0.0000000000 1899.9999999981 1000.0000000000 760.0000000000
14:39:25.796 1000.0000000000 1000.0000000000 0.0000000000 1899.9999999981 1000.0000000000 760.0000000000
14:39:25.828 1000.0000000000 1000.0000000000 0.0000000000 1908.9999999981 1000.0000000000 769.0000000000
14:39:25.859 1000.0000000000 1000.0000000000 0.0000000000 1918.9999999981 1000.0000000000 779.0000000000
14:39:25.890 1000.0000000000 1000.0000000000 0.0000000000 1910.9999999981 1000.0000000000 771.0000000000
14:39:25.921 1000.0000000000 1000.0000000000 0.0000000000 1910.9999999981 1000.0000000000 771.0000000000
14:39:25.953 1000.0000000000 1000.0000000000 0.0000000000 1906.9999999981 1000.0000000000 767.0000000000
14:39:25.984 1000.0000000000 1000.0000000000 0.0000000000 1895.9999999981 1000.0000000000 756.0000000000
14:39:26.015 1000.0000000000 1000.0000000000 0.0000000000 1895.9999999981 1000.0000000000 756.0000000000
14:39:26.046 1000.0000000000 1000.0000000000 0.0000000000 1900.9999999981 1000.0000000000 761.0000000000
14:39:26.078 1000.0000000000 1000.0000000000 0.0000000000 1895.9999999981 1000.0000000000 756.0000000000
14:39:26.109 1000.0000000000 1000.0000000000 0.0000000000 1900.9999999981 1000.0000000000 761.0000000000
14:39:26.140 1000.0000000000 1000.0000000000 0.0000000000 1895.9999999981 1000.0000000000 756.0000000000
14:39:26.171 1000.0000000000 1000.0000000000 0.0000000000 1890.9999999981 1000.0000000000 751.0000000000
14:39:26.203 1000.0000000000 1000.0000000000 0.0000000000 1891.9999999981 1000.0000000000 752.0000000000
14:39:26.234 1000.0000000000 1000.0000000000 0.0000000000 1895.9999999981 1000.0000000000 756.0000000000
14:39:26.265 1000.0000000000 1000.0000000000 0.0000000000 1890.9999999981 1000.0000000000 751.0000000000
14:39:26.296 1000.0000000000 1000.0000000000 0.0000000000 1893.9999999981 1000.0000000000 754.0000000000
14:39:26.328 1000.0000000000 1000.0000000000 0.0000000000 1891.9999999981 1000.0000000000 752.0000000000
14:39:26.359 1000.0000000000 1000.0000000000 0.0000000000 1891.9999999981 1000.0000000000 752.0000000000
14:39:26.390 1000.0000000000 1000.0000000000 0.0000000000 1891.9999999981 1000.0000000000 752.0000000000
14:39:26.421 1000.0000000000 1000.0000000000 0.0000000000 1893.9999999981 1000.0000000000 754.0000000000
14:39:26.453 1000.0000000000 1000.0000000000 0.0000000000 1892.9999999981 1000.0000000000 753.0000000000
14:39:26.484 1000.0000000000 1000.0000000000 0.0000000000 1893.9999999981 1000.0000000000 754.0000000000
14:39:26.515 1000.0000000000 1000.0000000000 0.0000000000 1898.9999999981 1000.0000000000 759.0000000000
14:39:26.546 1000.0000000000 1000.0000000000 0.0000000000 1898.9999999981 1000.0000000000 759.0000000000
14:39:26.578 1000.0000000000 1000.0000000000 0.0000000000 1903.9999999981 1000.0000000000 764.0000000000
14:39:26.609 1000.0000000000 1000.0000000000 0.0000000000 1898.9999999981 1000.0000000000 759.0000000000
14:39:26.640 1000.0000000000 1000.0000000000 0.0000000000 1898.9999999981 1000.0000000000 759.0000000000
14:39:26.671 1000.0000000000 1000.0000000000 0.0000000000 1898.9999999981 1000.0000000000 759.0000000000
14:39:26.703 1000.0000000000 1000.0000000000 0.0000000000 1908.9999999981 1000.0000000000 769.0000000000
14:39:26.734 1000.0000000000 1000.0000000000 0.0000000000 1899.9999999981 1000.0000000000 760.0000000000
14:39:26.765 1000.0000000000 1000.0000000000 0.0000000000 1903.9999999981 1000.0000000000 764.0000000000
14:39:26.796 1000.0000000000 1000.0000000000 0.0000000000 1899.9999999981 1000.0000000000 760.0000000000
14:39:26.828 1000.0000000000 1000.0000000000 0.0000000000 1899.9999999981 1000.0000000000 760.0000000000
14:39:26.859 1000.0000000000 1000.0000000000 0.0000000000 1899.9999999981 1000.0000000000 760.0000000000
14:39:26.890 1000.0000000000 1000.0000000000 0.0000000000 1899.9999999981 1000.0000000000 760.0000000000
14:39:26.921 1000.0000000000 1000.0000000000 0.0000000000 1896.9999999981 1000.0000000000 757.0000000000
14:39:26.953 1000.0000000000 1000.0000000000 0.0000000000 1899.9999999981 1000.0000000000 760.0000000000
14:39:26.984 1000.0000000000 1000.0000000000 0.0000000000 1896.9999999981 1000.0000000000 757.0000000000
14:39:27.015 1000.0000000000 1000.0000000000 0.0000000000 1896.9999999981 1000.0000000000 757.0000000000
14:39:27.046 1000.0000000000 1000.0000000000 0.0000000000 1896.9999999981 1000.0000000000 757.0000000000
14:39:27.078 1000.0000000000 1000.0000000000 0.0000000000 1901.9999999981 1000.0000000000 762.0000000000
14:39:27.109 1000.0000000000 1000.0000000000 0.0000000000 1895.9999999981 1000.0000000000 756.0000000000
14:39:27.140 1000.0000000000 1000.0000000000 0.0000000000 1895.9999999981 1000.0000000000 756.0000000000
14:39:27.171 1000.0000000000 1000.0000000000 0.0000000000 1893.9999999981 1000.0000000000 754.0000000000
14:39:27.203 1000.0000000000 1000.0000000000 0.0000000000 1893.9999999981 1000.0000000000 754.0000000000
14:39:27.234 1000.0000000000 1000.0000000000 0.0000000000 1893.9999999981 1000.0000000000 754.0000000000
14:39:27.265 1000.0000000000 1000.0000000000 0.0000000000 1899.9999999981 1000.0000000000 760.0000000000
14:39:27.296 1000.0000000000 1000.0000000000 0.0000000000 1898.9999999981 1000.0000000000 759.0000000000
14:39:27.328 1000.0000000000 1000.0000000000 0.0000000000 1899.9999999981 1000.0000000000 760.0000000000
14:39:27.359 1000.0000000000 1000.0000000000 0.0000000000 1898.9999999981 1000.0000000000 759.0000000000
14:39:27.390 1000.0000000000 1000.0000000000 0.0000000000 1898.9999999981 1000.0000000000 759.0000000000
14:39:27.421 1000.0000000000 1000.0000000000 0.0000000000 1898.9999999981 1000.0000000000 759.0000000000
14:39:27.453 1000.0000000000 1000.0000000000 0.0000000000 1920.9999999981 1000.0000000000 781.0000000000
14:39:27.484 1000.0000000000 1000.0000000000 0.0000000000 1917.9999999981 1000.0000000000 778.0000000000
14:39:27.515 1000.0000000000 1000.0000000000 0.0000000000 1917.9999999981 1000.0000000000 778.0000000000
14:39:27.546 1000.0000000000 1000.0000000000 0.0000000000 1910.9999999981 1000.0000000000 771.0000000000
14:39:27.578 1000.0000000000 1000.0000000000 0.0000000000 1898.9999999981 1000.0000000000 759.0000000000
14:39:27.609 1000.0000000000 1000.0000000000 0.0000000000 1910.9999999981 1000.0000000000 771.0000000000
14:39:27.640 1000.0000000000 1000.0000000000 0.0000000000 1898.9999999981 1000.0000000000 759.0000000000
14:39:27.671 1000.0000000000 1000.0000000000 0.0000000000 1898.9999999981 1000.0000000000 759.0000000000
14:39:27.703 1000.0000000000 1000.0000000000 0.0000000000 1898.9999999981 1000.0000000000 759.0000000000
14:39:27.734 1000.0000000000 1000.0000000000 0.0000000000 1901.9999999981 1000.0000000000 762.0000000000
14:39:27.765 1000.0000000000 1000.0000000000 0.0000000000 1893.9999999981 1000.0000000000 754.0000000000
14:39:27.796 1000.0000000000 1000.0000000000 0.0000000000 1897.9999999981 1000.0000000000 758.0000000000
14:39:27.828 1000.0000000000 1000.0000000000 0.0000000000 1899.9999999981 1000.0000000000 760.0000000000
14:39:27.859 1000.0000000000 1000.0000000000 0.0000000000 1899.9999999981 1000.0000000000 760.0000000000
14:39:27.890 1000.0000000000 1000.0000000000 0.0000000000 1899.9999999981 1000.0000000000 760.0000000000
14:39:27.921 1000.0000000000 1000.0000000000 0.0000000000 1895.9999999981 1000.0000000000 756.0000000000
14:39:27.953 1000.0000000000 1000.0000000000 0.0000000000 1882.9999999981 1000.0000000000 743.0000000000
14:39:27.984 1000.0000000000 1000.0000000000 0.0000000000 1895.9999999981 1000.0000000000 756.0000000000
14:39:28.015 1000.0000000000 1000.0000000000 0.0000000000 1899.9999999981 1000.0000000000 760.0000000000
14:39:28.046 1000.0000000000 1000.0000000000 0.0000000000 1899.9999999981 1000.0000000000 760.0000000000
14:39:28.078 1000.0000000000 1000.0000000000 0.0000000000 1899.9999999981 1000.0000000000 760.0000000000
14:39:28.109 1000.0000000000 1000.0000000000 0.0000000000 1889.9999999981 1000.0000000000 750.0000000000
14:39:28.140 1000.0000000000 1000.0000000000 0.0000000000 1889.9999999981 1000.0000000000 750.0000000000
14:39:28.171 1000.0000000000 1000.0000000000 0.0000000000 1898.9999999981 1000.0000000000 759.0000000000
14:39:28.203 1000.0000000000 1000.0000000000 0.0000000000 1893.9999999981 1000.0000000000 754.0000000000
14:39:28.234 1000.0000000000 1000.0000000000 0.0000000000 1893.9999999981 1000.0000000000 754.0000000000
14:39:28.265 1000.0000000000 1000.0000000000 0.0000000000 1893.9999999981 1000.0000000000 754.0000000000
14:39:28.296 1000.0000000000 1000.0000000000 0.0000000000 1896.9999999981 1000.0000000000 757.0000000000
14:39:28.328 1000.0000000000 1000.0000000000 0.0000000000 1891.9999999981 1000.0000000000 752.0000000000
14:39:28.359 1000.0000000000 1000.0000000000 0.0000000000 1896.9999999981 1000.0000000000 757.0000000000
14:39:28.390 1000.0000000000 1000.0000000000 0.0000000000 1891.9999999981 1000.0000000000 752.0000000000
14:39:28.421 1000.0000000000 1000.0000000000 0.0000000000 1891.9999999981 1000.0000000000 752.0000000000
14:39:28.453 1000.0000000000 1000.0000000000 0.0000000000 1903.9999999981 1000.0000000000 764.0000000000
14:39:28.484 1000.0000000000 1000.0000000000 0.0000000000 1901.9999999981 1000.0000000000 762.0000000000
14:39:28.515 1000.0000000000 1000.0000000000 0.0000000000 1895.9999999981 1000.0000000000 756.0000000000
14:39:28.546 1000.0000000000 1000.0000000000 0.0000000000 1900.9999999981 1000.0000000000 761.0000000000
14:39:28.578 1000.0000000000 1000.0000000000 0.0000000000 1901.9999999981 1000.0000000000 762.0000000000
14:39:28.609 1000.0000000000 1000.0000000000 0.0000000000 1901.9999999981 1000.0000000000 762.0000000000
14:39:28.640 1000.0000000000 1000.0000000000 0.0000000000 1911.9999999981 1000.0000000000 772.0000000000
14:39:28.671 1000.0000000000 1000.0000000000 0.0000000000 1904.9999999981 1000.0000000000 765.0000000000
14:39:28.703 1000.0000000000 1000.0000000000 0.0000000000 1901.9999999981 1000.0000000000 762.0000000000
14:39:28.734 1000.0000000000 1000.0000000000 0.0000000000 1901.9999999981 1000.0000000000 762.0000000000
14:39:28.765 1000.0000000000 1000.0000000000 0.0000000000 1897.9999999981 1000.0000000000 758.0000000000
14:39:28.796 1000.0000000000 1000.0000000000 0.0000000000 1896.9999999981 1000.0000000000 757.0000000000
14:39:28.828 1000.0000000000 1000.0000000000 0.0000000000 1897.9999999981 1000.0000000000 758.0000000000
14:39:28.859 1000.0000000000 1000.0000000000 0.0000000000 1896.9999999981 1000.0000000000 757.0000000000
14:39:28.890 1000.0000000000 1000.0000000000 0.0000000000 1896.9999999981 1000.0000000000 757.0000000000
14:39:28.921 1000.0000000000 1000.0000000000 0.0000000000 1898.9999999981 1000.0000000000 759.0000000000
14:39:28.953 1000.0000000000 1000.0000000000 0.0000000000 1912.9999999981 1000.0000000000 773.0000000000
14:39:28.984 1000.0000000000 1000.0000000000 0.0000000000 1905.9999999981 1000.0000000000 766.0000000000
14:39:29.015 1000.0000000000 1000.0000000000 0.0000000000 1906.9999999981 1000.0000000000 767.0000000000
14:39:29.046 1000.0000000000 1000.0000000000 0.0000000000 1905.9999999981 1000.0000000000 766.0000000000
14:39:29.078 1000.0000000000 1000.0000000000 0.0000000000 1904.9999999981 1000.0000000000 765.0000000000
14:39:29.109 1000.0000000000 1000.0000000000 0.0000000000 1904.9999999981 1000.0000000000 765.0000000000
14:39:29.140 1000.0000000000 1000.0000000000 0.0000000000 1903.9999999981 1000.0000000000 764.0000000000
14:39:29.171 1000.0000000000 1000.0000000000 0.0000000000 1901.9999999981 1000.0000000000 762.0000000000
14:39:29.203 1000.0000000000 1000.0000000000 0.0000000000 1901.9999999981 1000.0000000000 762.0000000000
14:39:29.234 1000.0000000000 1000.0000000000 0.0000000000 1890.9999999981 1000.0000000000 751.0000000000
14:39:29.265 1000.0000000000 1000.0000000000 0.0000000000 1890.9999999981 1000.0000000000 751.0000000000
14:39:29.296 1000.0000000000 1000.0000000000 0.0000000000 1894.9999999981 1000.0000000000 755.0000000000
14:39:29.328 1000.0000000000 1000.0000000000 0.0000000000 1900.9999999981 1000.0000000000 761.0000000000
14:39:29.359 1000.0000000000 1000.0000000000 0.0000000000 1890.9999999981 1000.0000000000 751.0000000000
14:39:29.390 1000.0000000000 1000.0000000000 0.0000000000 1890.9999999981 1000.0000000000 751.0000000000
14:39:29.421 1000.0000000000 1000.0000000000 0.0000000000 1898.9999999981 1000.0000000000 759.0000000000
14:39:29.453 1000.0000000000 1000.0000000000 0.0000000000 1895.9999999981 1000.0000000000 756.0000000000
14:39:29.484 1000.0000000000 1000.0000000000 0.0000000000 1895.9999999981 1000.0000000000 756.0000000000
14:39:29.515 1000.0000000000 1000.0000000000 0.0000000000 1898.9999999981 1000.0000000000 759.0000000000
14:39:29.546 1000.0000000000 1000.0000000000 0.0000000000 1898.9999999981 1000.0000000000 759.0000000000
14:39:29.578 1000.0000000000 1000.0000000000 0.0000000000 1898.9999999981 1000.0000000000 759.0000000000
14:39:29.609 1000.0000000000 1000.0000000000 0.0000000000 1908.9999999981 1000.0000000000 769.0000000000
14:39:29.640 1000.0000000000 1000.0000000000 0.0000000000 1904.9999999981 1000.0000000000 765.0000000000
14:39:29.671 1000.0000000000 1000.0000000000 0.0000000000 1904.9999999981 1000.0000000000 765.0000000000
14:39:29.703 1000.0000000000 1000.0000000000 0.0000000000 1904.9999999981 1000.0000000000 765.0000000000
14:39:29.734 1000.0000000000 1000.0000000000 0.0000000000 1899.9999999981 1000.0000000000 760.0000000000
14:39:29.765 1000.0000000000 1000.0000000000 0.0000000000 1899.9999999981 1000.0000000000 760.0000000000
14:39:29.796 1000.0000000000 1000.0000000000 0.0000000000 1904.9999999981 1000.0000000000 765.0000000000
14:39:29.828 1000.0000000000 1000.0000000000 0.0000000000 1897.9999999981 1000.0000000000 758.0000000000
14:39:29.859 1000.0000000000 1000.0000000000 0.0000000000 1904.9999999981 1000.0000000000 765.0000000000
14:39:29.890 1000.0000000000 1000.0000000000 0.0000000000 1897.9999999981 1000.0000000000 758.0000000000
14:39:29.921 1000.0000000000 1000.0000000000 0.0000000000 1895.9999999981 1000.0000000000 756.0000000000
14:39:29.953 1000.0000000000 1000.0000000000 0.0000000000 1895.9999999981 1000.0000000000 756.0000000000
14:39:29.984 1000.0000000000 1000.0000000000 0.0000000000 1897.9999999981 1000.0000000000 758.0000000000
14:39:30.015 1000.0000000000 1000.0000000000 0.0000000000 1894.9999999981 1000.0000000000 755.0000000000
14:39:30.046 1000.0000000000 1000.0000000000 0.0000000000 1895.9999999981 1000.0000000000 756.0000000000
14:39:30.078 1000.0000000000 1000.0000000000 0.0000000000 1897.9999999981 1000.0000000000 758.0000000000
14:39:30.109 1000.0000000000 1000.0000000000 0.0000000000 1897.9999999981 1000.0000000000 758.0000000000
14:39:30.140 1000.0000000000 1000.0000000000 0.0000000000 1898.9999999981 1000.0000000000 759.0000000000
14:39:30.171 1000.0000000000 1000.0000000000 0.0000000000 1897.9999999981 1000.0000000000 758.0000000000
14:39:30.203 1000.0000000000 1000.0000000000 0.0000000000 1895.9999999981 1000.0000000000 756.0000000000
14:39:30.234 1000.0000000000 1000.0000000000 0.0000000000 1895.9999999981 1000.0000000000 756.0000000000
14:39:30.265 1000.0000000000 1000.0000000000 0.0000000000 1893.9999999981 1000.0000000000 754.0000000000
14:39:30.296 1000.0000000000 1000.0000000000 0.0000000000 1893.9999999981 1000.0000000000 754.0000000000
14:39:30.328 1000.0000000000 1000.0000000000 0.0000000000 1894.9999999981 1000.0000000000 755.0000000000
14:39:30.359 1000.0000000000 1000.0000000000 0.0000000000 1901.9999999981 1000.0000000000 762.0000000000
14:39:30.390 1000.0000000000 1000.0000000000 0.0000000000 1901.9999999981 1000.0000000000 762.0000000000
14:39:30.421 1000.0000000000 1000.0000000000 0.0000000000 1906.9999999981 1000.0000000000 767.0000000000
14:39:30.453 1000.0000000000 1000.0000000000 0.0000000000 1904.9999999981 1000.0000000000 765.0000000000
14:39:30.484 1000.0000000000 1000.0000000000 0.0000000000 1901.9999999981 1000.0000000000 762.0000000000
14:39:30.515 1000.0000000000 1000.0000000000 0.0000000000 1902.9999999981 1000.0000000000 763.0000000000
14:39:30.546 1000.0000000000 1000.0000000000 0.0000000000 1901.9999999981 1000.0000000000 762.0000000000
14:39:30.578 1000.0000000000 1000.0000000000 0.0000000000 1901.9999999981 1000.0000000000 762.0000000000
14:39:30.609 1000.0000000000 1000.0000000000 0.0000000000 1903.9999999981 1000.0000000000 764.0000000000
14:39:30.640 1000.0000000000 1000.0000000000 0.0000000000 1909.9999999981 1000.0000000000 770.0000000000
14:39:30.671 1000.0000000000 1000.0000000000 0.0000000000 1908.9999999981 1000.0000000000 769.0000000000
14:39:30.703 1000.0000000000 1000.0000000000 0.0000000000 1908.9999999981 1000.0000000000 769.0000000000
14:39:30.734 1000.0000000000 1000.0000000000 0.0000000000 1908.9999999981 1000.0000000000 769.0000000000
14:39:30.765 1000.0000000000 1000.0000000000 0.0000000000 1908.9999999981 1000.0000000000 769.0000000000
14:39:30.796 1000.0000000000 1000.0000000000 0.0000000000 1908.9999999981 1000.0000000000 769.0000000000
