Тестовая информация 0. Исходные сенсорные данные: Time, X_rob, Y_rob, Ang_rob, X_obj, Y_obj, Distance (мм, град)
14:39:52.265 1000.0000000000 1000.0000000000 0.0000000000 1957.9999999981 1000.0000000000 818.0000000000
14:39:52.296 1000.0000000000 1000.0000000000 0.0000000000 1956.9999999981 1000.0000000000 817.0000000000
14:39:52.328 1000.0000000000 1000.0000000000 0.0000000000 1952.9999999981 1000.0000000000 813.0000000000
14:39:52.359 1000.0000000000 1000.0000000000 0.0000000000 1952.9999999981 1000.0000000000 813.0000000000
14:39:52.390 1000.0000000000 1000.0000000000 0.0000000000 1949.9999999981 1000.0000000000 810.0000000000
14:39:52.421 1000.0000000000 1000.0000000000 0.0000000000 1945.9999999981 1000.0000000000 806.0000000000
14:39:52.453 1000.0000000000 1000.0000000000 0.0000000000 1945.9999999981 1000.0000000000 806.0000000000
14:39:52.484 1000.0000000000 1000.0000000000 0.0000000000 1945.9999999981 1000.0000000000 806.0000000000
14:39:52.515 1000.0000000000 1000.0000000000 0.0000000000 1945.9999999981 1000.0000000000 806.0000000000
14:39:52.546 1000.0000000000 1000.0000000000 0.0000000000 1945.9999999981 1000.0000000000 806.0000000000
14:39:52.578 1000.0000000000 1000.0000000000 0.0000000000 1946.9999999981 1000.0000000000 807.0000000000
14:39:52.609 1000.0000000000 1000.0000000000 0.0000000000 1946.9999999981 1000.0000000000 807.0000000000
14:39:52.640 1000.0000000000 1000.0000000000 0.0000000000 1949.9999999981 1000.0000000000 810.0000000000
14:39:52.671 1000.0000000000 1000.0000000000 0.0000000000 1946.9999999981 1000.0000000000 807.0000000000
14:39:52.703 1000.0000000000 1000.0000000000 0.0000000000 1946.9999999981 1000.0000000000 807.0000000000
14:39:52.734 1000.0000000000 1000.0000000000 0.0000000000 1955.9999999981 1000.0000000000 816.0000000000
14:39:52.765 1000.0000000000 1000.0000000000 0.0000000000 1946.9999999981 1000.0000000000 807.0000000000
14:39:52.796 1000.0000000000 1000.0000000000 0.0000000000 1946.9999999981 1000.0000000000 807.0000000000
14:39:52.828 1000.0000000000 1000.0000000000 0.0000000000 1959.9999999981 1000.0000000000 820.0000000000
14:39:52.859 1000.0000000000 1000.0000000000 0.0000000000 1961.9999999981 1000.0000000000 822.0000000000
14:39:52.890 1000.0000000000 1000.0000000000 0.0000000000 1946.9999999981 1000.0000000000 807.0000000000
14:39:52.921 1000.0000000000 1000.0000000000 0.0000000000 1951.9999999981 1000.0000000000 812.0000000000
14:39:52.953 1000.0000000000 1000.0000000000 0.0000000000 1946.9999999981 1000.0000000000 807.0000000000
14:39:52.984 1000.0000000000 1000.0000000000 0.0000000000 1946.9999999981 1000.0000000000 807.0000000000
14:39:53.015 1000.0000000000 1000.0000000000 0.0000000000 1946.9999999981 1000.0000000000 807.0000000000
14:39:53.046 1000.0000000000 1000.0000000000 0.0000000000 1947.9999999981 1000.0000000000 808.0000000000
14:39:53.078 1000.0000000000 1000.0000000000 0.0000000000 1943.9999999981 1000.0000000000 804.0000000000
14:39:53.109 1000.0000000000 1000.0000000000 0.0000000000 1947.9999999981 1000.0000000000 808.0000000000
14:39:53.140 1000.0000000000 1000.0000000000 0.0000000000 1965.9999999981 1000.0000000000 826.0000000000
14:39:53.171 1000.0000000000 1000.0000000000 0.0000000000 1965.9999999981 1000.0000000000 826.0000000000
14:39:53.203 1000.0000000000 1000.0000000000 0.0000000000 1971.9999999981 1000.0000000000 832.0000000000
14:39:53.234 1000.0000000000 1000.0000000000 0.0000000000 1965.9999999981 1000.0000000000 826.0000000000
14:39:53.265 1000.0000000000 1000.0000000000 0.0000000000 1960.9999999981 1000.0000000000 821.0000000000
14:39:53.296 1000.0000000000 1000.0000000000 0.0000000000 1960.9999999981 1000.0000000000 821.0000000000
14:39:53.328 1000.0000000000 1000.0000000000 0.0000000000 1942.9999999981 1000.0000000000 803.0000000000
14:39:53.359 1000.0000000000 1000.0000000000 0.0000000000 1942.9999999981 1000.0000000000 803.0000000000
14:39:53.390 1000.0000000000 1000.0000000000 0.0000000000 1951.9999999981 1000.0000000000 812.0000000000
14:39:53.421 1000.0000000000 1000.0000000000 0.0000000000 1953.9999999981 1000.0000000000 814.0000000000
14:39:53.453 1000.0000000000 1000.0000000000 0.0000000000 1950.9999999981 1000.0000000000 811.0000000000
14:39:53.484 1000.0000000000 1000.0000000000 0.0000000000 1951.9999999981 1000.0000000000 812.0000000000
14:39:53.515 1000.0000000000 1000.0000000000 0.0000000000 1950.9999999981 1000.0000000000 811.0000000000
14:39:53.546 1000.0000000000 1000.0000000000 0.0000000000 1948.9999999981 1000.0000000000 809.0000000000
14:39:53.578 1000.0000000000 1000.0000000000 0.0000000000 1948.9999999981 1000.0000000000 809.0000000000
14:39:53.609 1000.0000000000 1000.0000000000 0.0000000000 1946.9999999981 1000.0000000000 807.0000000000
14:39:53.640 1000.0000000000 1000.0000000000 0.0000000000 1946.9999999981 1000.0000000000 807.0000000000
14:39:53.671 1000.0000000000 1000.0000000000 0.0000000000 1948.9999999981 1000.0000000000 809.0000000000
14:39:53.703 1000.0000000000 1000.0000000000 0.0000000000 1992.9999999981 1000.0000000000 853.0000000000
14:39:53.734 1000.0000000000 1000.0000000000 0.0000000000 1961.9999999981 1000.0000000000 822.0000000000
14:39:53.765 1000.0000000000 1000.0000000000 0.0000000000 1962.9999999981 1000.0000000000 823.0000000000
14:39:53.796 1000.0000000000 1000.0000000000 0.0000000000 1961.9999999981 1000.0000000000 822.0000000000
14:39:53.828 1000.0000000000 1000.0000000000 0.0000000000 1950.9999999981 1000.0000000000 811.0000000000
14:39:53.859 1000.0000000000 1000.0000000000 0.0000000000 1950.9999999981 1000.0000000000 811.0000000000
14:39:53.890 1000.0000000000 1000.0000000000 0.0000000000 1950.9999999981 1000.0000000000 811.0000000000
14:39:53.921 1000.0000000000 1000.0000000000 0.0000000000 1939.9999999981 1000.0000000000 800.0000000000
14:39:53.953 1000.0000000000 1000.0000000000 0.0000000000 1950.9999999981 1000.0000000000 811.0000000000
14:39:53.984 1000.0000000000 1000.0000000000 0.0000000000 1970.9999999981 1000.0000000000 831.0000000000
14:39:54.015 1000.0000000000 1000.0000000000 0.0000000000 1964.9999999981 1000.0000000000 825.0000000000
14:39:54.046 1000.0000000000 1000.0000000000 0.0000000000 1964.9999999981 1000.0000000000 825.0000000000
14:39:54.078 1000.0000000000 1000.0000000000 0.0000000000 1961.9999999981 1000.0000000000 822.0000000000
14:39:54.109 1000.0000000000 1000.0000000000 0.0000000000 1951.9999999981 1000.0000000000 812.0000000000
14:39:54.140 1000.0000000000 1000.0000000000 0.0000000000 1959.9999999981 1000.0000000000 820.0000000000
14:39:54.171 1000.0000000000 1000.0000000000 0.0000000000 1951.9999999981 1000.0000000000 812.0000000000
14:39:54.203 1000.0000000000 1000.0000000000 0.0000000000 1951.9999999981 1000.0000000000 812.0000000000
14:39:54.234 1000.0000000000 1000.0000000000 0.0000000000 1951.9999999981 1000.0000000000 812.0000000000
14:39:54.265 1000.0000000000 1000.0000000000 0.0000000000 1954.9999999981 1000.0000000000 815.0000000000
14:39:54.296 1000.0000000000 1000.0000000000 0.0000000000 1954.9999999981 1000.0000000000 815.0000000000
14:39:54.328 1000.0000000000 1000.0000000000 0.0000000000 1954.9999999981 1000.0000000000 815.0000000000
14:39:54.359 1000.0000000000 1000.0000000000 0.0000000000 1954.9999999981 1000.0000000000 815.0000000000
14:39:54.390 1000.0000000000 1000.0000000000 0.0000000000 1954.9999999981 1000.0000000000 815.0000000000
14:39:54.421 1000.0000000000 1000.0000000000 0.0000000000 1954.9999999981 1000.0000000000 815.0000000000
14:39:54.453 1000.0000000000 1000.0000000000 0.0000000000 1951.9999999981 1000.0000000000 812.0000000000
14:39:54.484 1000.0000000000 1000.0000000000 0.0000000000 1951.9999999981 1000.0000000000 812.0000000000
14:39:54.515 1000.0000000000 1000.0000000000 0.0000000000 1951.9999999981 1000.0000000000 812.0000000000
14:39:54.546 1000.0000000000 1000.0000000000 0.0000000000 1951.9999999981 1000.0000000000 812.0000000000
14:39:54.578 1000.0000000000 1000.0000000000 0.0000000000 1949.9999999981 1000.0000000000 810.0000000000
14:39:54.609 1000.0000000000 1000.0000000000 0.0000000000 1951.9999999981 1000.0000000000 812.0000000000
14:39:54.640 1000.0000000000 1000.0000000000 0.0000000000 1966.9999999981 1000.0000000000 827.0000000000
14:39:54.671 1000.0000000000 1000.0000000000 0.0000000000 1966.9999999981 1000.0000000000 827.0000000000
14:39:54.703 1000.0000000000 1000.0000000000 0.0000000000 1966.9999999981 1000.0000000000 827.0000000000
14:39:54.734 1000.0000000000 1000.0000000000 0.0000000000 1969.9999999981 1000.0000000000 830.0000000000
14:39:54.765 1000.0000000000 1000.0000000000 0.0000000000 1969.9999999981 1000.0000000000 830.0000000000
14:39:54.796 1000.0000000000 1000.0000000000 0.0000000000 1969.9999999981 1000.0000000000 830.0000000000
14:39:54.828 1000.0000000000 1000.0000000000 0.0000000000 1965.9999999981 1000.0000000000 826.0000000000
14:39:54.859 1000.0000000000 1000.0000000000 0.0000000000 1954.9999999981 1000.0000000000 815.0000000000
14:39:54.890 1000.0000000000 1000.0000000000 0.0000000000 1954.9999999981 1000.0000000000 815.0000000000
14:39:54.921 1000.0000000000 1000.0000000000 0.0000000000 1953.9999999981 1000.0000000000 814.0000000000
14:39:54.953 1000.0000000000 1000.0000000000 0.0000000000 1953.9999999981 1000.0000000000 814.0000000000
14:39:54.984 1000.0000000000 1000.0000000000 0.0000000000 1958.9999999981 1000.0000000000 819.0000000000
14:39:55.015 1000.0000000000 1000.0000000000 0.0000000000 1953.9999999981 1000.0000000000 814.0000000000
14:39:55.046 1000.0000000000 1000.0000000000 0.0000000000 1950.9999999981 1000.0000000000 811.0000000000
14:39:55.078 1000.0000000000 1000.0000000000 0.0000000000 1950.9999999981 1000.0000000000 811.0000000000
14:39:55.109 1000.0000000000 1000.0000000000 0.0000000000 1953.9999999981 1000.0000000000 814.0000000000
14:39:55.140 1000.0000000000 1000.0000000000 0.0000000000 1948.9999999981 1000.0000000000 809.0000000000
14:39:55.171 1000.0000000000 1000.0000000000 0.0000000000 1953.9999999981 1000.0000000000 814.0000000000
14:39:55.203 1000.0000000000 1000.0000000000 0.0000000000 1957.9999999981 1000.0000000000 818.0000000000
14:39:55.234 1000.0000000000 1000.0000000000 0.0000000000 1957.9999999981 1000.0000000000 818.0000000000
14:39:55.265 1000.0000000000 1000.0000000000 0.0000000000 1958.9999999981 1000.0000000000 819.0000000000
14:39:55.296 1000.0000000000 1000.0000000000 0.0000000000 1962.9999999981 1000.0000000000 823.0000000000
14:39:55.328 1000.0000000000 1000.0000000000 0.0000000000 1957.9999999981 1000.0000000000 818.0000000000
14:39:55.359 1000.0000000000 1000.0000000000 0.0000000000 1957.9999999981 1000.0000000000 818.0000000000
14:39:55.390 1000.0000000000 1000.0000000000 0.0000000000 1952.9999999981 1000.0000000000 813.0000000000
14:39:55.421 1000.0000000000 1000.0000000000 0.0000000000 1952.9999999981 1000.0000000000 813.0000000000
14:39:55.453 1000.0000000000 1000.0000000000 0.0000000000 1952.9999999981 1000.0000000000 813.0000000000
14:39:55.484 1000.0000000000 1000.0000000000 0.0000000000 1948.9999999981 1000.0000000000 809.0000000000
14:39:55.515 1000.0000000000 1000.0000000000 0.0000000000 1945.9999999981 1000.0000000000 806.0000000000
14:39:55.546 1000.0000000000 1000.0000000000 0.0000000000 1948.9999999981 1000.0000000000 809.0000000000
14:39:55.578 1000.0000000000 1000.0000000000 0.0000000000 1948.9999999981 1000.0000000000 809.0000000000
14:39:55.609 1000.0000000000 1000.0000000000 0.0000000000 1948.9999999981 1000.0000000000 809.0000000000
14:39:55.640 1000.0000000000 1000.0000000000 0.0000000000 1968.9999999981 1000.0000000000 829.0000000000
14:39:55.671 1000.0000000000 1000.0000000000 0.0000000000 1955.9999999981 1000.0000000000 816.0000000000
14:39:55.703 1000.0000000000 1000.0000000000 0.0000000000 1955.9999999981 1000.0000000000 816.0000000000
14:39:55.734 1000.0000000000 1000.0000000000 0.0000000000 1962.9999999981 1000.0000000000 823.0000000000
14:39:55.765 1000.0000000000 1000.0000000000 0.0000000000 1962.9999999981 1000.0000000000 823.0000000000
14:39:55.796 1000.0000000000 1000.0000000000 0.0000000000 1955.9999999981 1000.0000000000 816.0000000000
14:39:55.828 1000.0000000000 1000.0000000000 0.0000000000 1956.9999999981 1000.0000000000 817.0000000000
14:39:55.859 1000.0000000000 1000.0000000000 0.0000000000 1955.9999999981 1000.0000000000 816.0000000000
14:39:55.890 1000.0000000000 1000.0000000000 0.0000000000 1955.9999999981 1000.0000000000 816.0000000000
14:39:55.921 1000.0000000000 1000.0000000000 0.0000000000 1961.9999999981 1000.0000000000 822.0000000000
14:39:55.953 1000.0000000000 1000.0000000000 0.0000000000 1965.9999999981 1000.0000000000 826.0000000000
14:39:55.984 1000.0000000000 1000.0000000000 0.0000000000 1955.9999999981 1000.0000000000 816.0000000000
14:39:56.015 1000.0000000000 1000.0000000000 0.0000000000 1955.9999999981 1000.0000000000 816.0000000000
14:39:56.046 1000.0000000000 1000.0000000000 0.0000000000 1955.9999999981 1000.0000000000 816.0000000000
14:39:56.078 1000.0000000000 1000.0000000000 0.0000000000 1954.9999999981 1000.0000000000 815.0000000000
14:39:56.109 1000.0000000000 1000.0000000000 0.0000000000 1954.9999999981 1000.0000000000 815.0000000000
14:39:56.140 1000.0000000000 1000.0000000000 0.0000000000 1945.9999999981 1000.0000000000 806.0000000000
14:39:56.171 1000.0000000000 1000.0000000000 0.0000000000 1945.9999999981 1000.0000000000 806.0000000000
14:39:56.203 1000.0000000000 1000.0000000000 0.0000000000 1971.9999999981 1000.0000000000 832.0000000000
14:39:56.234 1000.0000000000 1000.0000000000 0.0000000000 1974.9999999981 1000.0000000000 835.0000000000
14:39:56.265 1000.0000000000 1000.0000000000 0.0000000000 1974.9999999981 1000.0000000000 835.0000000000
14:39:56.296 1000.0000000000 1000.0000000000 0.0000000000 1974.9999999981 1000.0000000000 835.0000000000
14:39:56.328 1000.0000000000 1000.0000000000 0.0000000000 1943.9999999981 1000.0000000000 804.0000000000
14:39:56.359 1000.0000000000 1000.0000000000 0.0000000000 1937.9999999981 1000.0000000000 798.0000000000
14:39:56.390 1000.0000000000 1000.0000000000 0.0000000000 1943.9999999981 1000.0000000000 804.0000000000
14:39:56.421 1000.0000000000 1000.0000000000 0.0000000000 1937.9999999981 1000.0000000000 798.0000000000
14:39:56.453 1000.0000000000 1000.0000000000 0.0000000000 1937.9999999981 1000.0000000000 798.0000000000
14:39:56.484 1000.0000000000 1000.0000000000 0.0000000000 1954.9999999981 1000.0000000000 815.0000000000
14:39:56.515 1000.0000000000 1000.0000000000 0.0000000000 1946.9999999981 1000.0000000000 807.0000000000
14:39:56.546 1000.0000000000 1000.0000000000 0.0000000000 1946.9999999981 1000.0000000000 807.0000000000
14:39:56.578 1000.0000000000 1000.0000000000 0.0000000000 1946.9999999981 1000.0000000000 807.0000000000
14:39:56.609 1000.0000000000 1000.0000000000 0.0000000000 2003.9999999981 1000.0000000000 864.0000000000
14:39:56.640 1000.0000000000 1000.0000000000 0.0000000000 1967.9999999981 1000.0000000000 828.0000000000
14:39:56.671 1000.0000000000 1000.0000000000 0.0000000000 1977.9999999981 1000.0000000000 838.0000000000
14:39:56.703 1000.0000000000 1000.0000000000 0.0000000000 1967.9999999981 1000.0000000000 828.0000000000
14:39:56.734 1000.0000000000 1000.0000000000 0.0000000000 1967.9999999981 1000.0000000000 828.0000000000
14:39:56.765 1000.0000000000 1000.0000000000 0.0000000000 1968.9999999981 1000.0000000000 829.0000000000
14:39:56.796 1000.0000000000 1000.0000000000 0.0000000000 1967.9999999981 1000.0000000000 828.0000000000
14:39:56.828 1000.0000000000 1000.0000000000 0.0000000000 1964.9999999981 1000.0000000000 825.0000000000
14:39:56.859 1000.0000000000 1000.0000000000 0.0000000000 1967.9999999981 1000.0000000000 828.0000000000
14:39:56.890 1000.0000000000 1000.0000000000 0.0000000000 1980.9999999981 1000.0000000000 841.0000000000
14:39:56.921 1000.0000000000 1000.0000000000 0.0000000000 1970.9999999981 1000.0000000000 831.0000000000
14:39:56.953 1000.0000000000 1000.0000000000 0.0000000000 1970.9999999981 1000.0000000000 831.0000000000
14:39:56.984 1000.0000000000 1000.0000000000 0.0000000000 1940.9999999981 1000.0000000000 801.0000000000
14:39:57.015 1000.0000000000 1000.0000000000 0.0000000000 1940.9999999981 1000.0000000000 801.0000000000
14:39:57.046 1000.0000000000 1000.0000000000 0.0000000000 1940.9999999981 1000.0000000000 801.0000000000
14:39:57.078 1000.0000000000 1000.0000000000 0.0000000000 1945.9999999981 1000.0000000000 806.0000000000
14:39:57.109 1000.0000000000 1000.0000000000 0.0000000000 1945.9999999981 1000.0000000000 806.0000000000
14:39:57.140 1000.0000000000 1000.0000000000 0.0000000000 1945.9999999981 1000.0000000000 806.0000000000
14:39:57.171 1000.0000000000 1000.0000000000 0.0000000000 1942.9999999981 1000.0000000000 803.0000000000
14:39:57.203 1000.0000000000 1000.0000000000 0.0000000000 1942.9999999981 1000.0000000000 803.0000000000
14:39:57.234 1000.0000000000 1000.0000000000 0.0000000000 1942.9999999981 1000.0000000000 803.0000000000
14:39:57.265 1000.0000000000 1000.0000000000 0.0000000000 1942.9999999981 1000.0000000000 803.0000000000
14:39:57.296 1000.0000000000 1000.0000000000 0.0000000000 1942.9999999981 1000.0000000000 803.0000000000
14:39:57.328 1000.0000000000 1000.0000000000 0.0000000000 1944.9999999981 1000.0000000000 805.0000000000
14:39:57.359 1000.0000000000 1000.0000000000 0.0000000000 1942.9999999981 1000.0000000000 803.0000000000
14:39:57.390 1000.0000000000 1000.0000000000 0.0000000000 1939.9999999981 1000.0000000000 800.0000000000
14:39:57.421 1000.0000000000 1000.0000000000 0.0000000000 1942.9999999981 1000.0000000000 803.0000000000
14:39:57.453 1000.0000000000 1000.0000000000 0.0000000000 1955.9999999981 1000.0000000000 816.0000000000
14:39:57.484 1000.0000000000 1000.0000000000 0.0000000000 1955.9999999981 1000.0000000000 816.0000000000
14:39:57.515 1000.0000000000 1000.0000000000 0.0000000000 1959.9999999981 1000.0000000000 820.0000000000
14:39:57.546 1000.0000000000 1000.0000000000 0.0000000000 1958.9999999981 1000.0000000000 819.0000000000
14:39:57.578 1000.0000000000 1000.0000000000 0.0000000000 1955.9999999981 1000.0000000000 816.0000000000
14:39:57.609 1000.0000000000 1000.0000000000 0.0000000000 1955.9999999981 1000.0000000000 816.0000000000
14:39:57.640 1000.0000000000 1000.0000000000 0.0000000000 1949.9999999981 1000.0000000000 810.0000000000
14:39:57.671 1000.0000000000 1000.0000000000 0.0000000000 1937.9999999981 1000.0000000000 798.0000000000
14:39:57.703 1000.0000000000 1000.0000000000 0.0000000000 1949.9999999981 1000.0000000000 810.0000000000
14:39:57.734 1000.0000000000 1000.0000000000 0.0000000000 1948.9999999981 1000.0000000000 809.0000000000
14:39:57.765 1000.0000000000 1000.0000000000 0.0000000000 1948.9999999981 1000.0000000000 809.0000000000
14:39:57.796 1000.0000000000 1000.0000000000 0.0000000000 1948.9999999981 1000.0000000000 809.0000000000
14:39:57.828 1000.0000000000 1000.0000000000 0.0000000000 1945.9999999981 1000.0000000000 806.0000000000
14:39:57.859 1000.0000000000 1000.0000000000 0.0000000000 1940.9999999981 1000.0000000000 801.0000000000
14:39:57.890 1000.0000000000 1000.0000000000 0.0000000000 1945.9999999981 1000.0000000000 806.0000000000
14:39:57.921 1000.0000000000 1000.0000000000 0.0000000000 1940.9999999981 1000.0000000000 801.0000000000
14:39:57.953 1000.0000000000 1000.0000000000 0.0000000000 1940.9999999981 1000.0000000000 801.0000000000
14:39:57.984 1000.0000000000 1000.0000000000 0.0000000000 1941.9999999981 1000.0000000000 802.0000000000
14:39:58.015 1000.0000000000 1000.0000000000 0.0000000000 1946.9999999981 1000.0000000000 807.0000000000
14:39:58.046 1000.0000000000 1000.0000000000 0.0000000000 1946.9999999981 1000.0000000000 807.0000000000
14:39:58.078 1000.0000000000 1000.0000000000 0.0000000000 1947.9999999981 1000.0000000000 808.0000000000
14:39:58.109 1000.0000000000 1000.0000000000 0.0000000000 1946.9999999981 1000.0000000000 807.0000000000
14:39:58.140 1000.0000000000 1000.0000000000 0.0000000000 1938.9999999981 1000.0000000000 799.0000000000
14:39:58.171 1000.0000000000 1000.0000000000 0.0000000000 1946.9999999981 1000.0000000000 807.0000000000
14:39:58.203 1000.0000000000 1000.0000000000 0.0000000000 1954.9999999981 1000.0000000000 815.0000000000
14:39:58.234 1000.0000000000 1000.0000000000 0.0000000000 1938.9999999981 1000.0000000000 799.0000000000
14:39:58.265 1000.0000000000 1000.0000000000 0.0000000000 1945.9999999981 1000.0000000000 806.0000000000
14:39:58.296 1000.0000000000 1000.0000000000 0.0000000000 1938.9999999981 1000.0000000000 799.0000000000
14:39:58.328 1000.0000000000 1000.0000000000 0.0000000000 1938.9999999981 1000.0000000000 799.0000000000
14:39:58.359 1000.0000000000 1000.0000000000 0.0000000000 1946.9999999981 1000.0000000000 807.0000000000
14:39:58.390 1000.0000000000 1000.0000000000 0.0000000000 1947.9999999981 1000.0000000000 808.0000000000
14:39:58.421 1000.0000000000 1000.0000000000 0.0000000000 1938.9999999981 1000.0000000000 799.0000000000
14:39:58.453 1000.0000000000 1000.0000000000 0.0000000000 1938.9999999981 1000.0000000000 799.0000000000
14:39:58.484 1000.0000000000 1000.0000000000 0.0000000000 1947.9999999981 1000.0000000000 808.0000000000
14:39:58.515 1000.0000000000 1000.0000000000 0.0000000000 1947.9999999981 1000.0000000000 808.0000000000
14:39:58.546 1000.0000000000 1000.0000000000 0.0000000000 1960.9999999981 1000.0000000000 821.0000000000
14:39:58.578 1000.0000000000 1000.0000000000 0.0000000000 1947.9999999981 1000.0000000000 808.0000000000
14:39:58.609 1000.0000000000 1000.0000000000 0.0000000000 1947.9999999981 1000.0000000000 808.0000000000
14:39:58.640 1000.0000000000 1000.0000000000 0.0000000000 1958.9999999981 1000.0000000000 819.0000000000
14:39:58.671 1000.0000000000 1000.0000000000 0.0000000000 1961.9999999981 1000.0000000000 822.0000000000
14:39:58.703 1000.0000000000 1000.0000000000 0.0000000000 1961.9999999981 1000.0000000000 822.0000000000
14:39:58.734 1000.0000000000 1000.0000000000 0.0000000000 1961.9999999981 1000.0000000000 822.0000000000
14:39:58.765 1000.0000000000 1000.0000000000 0.0000000000 1961.9999999981 1000.0000000000 822.0000000000
14:39:58.796 1000.0000000000 1000.0000000000 0.0000000000 1939.9999999981 1000.0000000000 800.0000000000
14:39:58.828 1000.0000000000 1000.0000000000 0.0000000000 1953.9999999981 1000.0000000000 814.0000000000
14:39:58.859 1000.0000000000 1000.0000000000 0.0000000000 1961.9999999981 1000.0000000000 822.0000000000
14:39:58.890 1000.0000000000 1000.0000000000 0.0000000000 1939.9999999981 1000.0000000000 800.0000000000
14:39:58.921 1000.0000000000 1000.0000000000 0.0000000000 1952.9999999981 1000.0000000000 813.0000000000
14:39:58.953 1000.0000000000 1000.0000000000 0.0000000000 1945.9999999981 1000.0000000000 806.0000000000
14:39:58.984 1000.0000000000 1000.0000000000 0.0000000000 1945.9999999981 1000.0000000000 806.0000000000
14:39:59.015 1000.0000000000 1000.0000000000 0.0000000000 1949.9999999981 1000.0000000000 810.0000000000
14:39:59.046 1000.0000000000 1000.0000000000 0.0000000000 1958.9999999981 1000.0000000000 819.0000000000
14:39:59.078 1000.0000000000 1000.0000000000 0.0000000000 1945.9999999981 1000.0000000000 806.0000000000
14:39:59.109 1000.0000000000 1000.0000000000 0.0000000000 1958.9999999981 1000.0000000000 819.0000000000
14:39:59.140 1000.0000000000 1000.0000000000 0.0000000000 1958.9999999981 1000.0000000000 819.0000000000
14:39:59.171 1000.0000000000 1000.0000000000 0.0000000000 1958.9999999981 1000.0000000000 819.0000000000
14:39:59.203 1000.0000000000 1000.0000000000 0.0000000000 1958.9999999981 1000.0000000000 819.0000000000
14:39:59.234 1000.0000000000 1000.0000000000 0.0000000000 1962.9999999981 1000.0000000000 823.0000000000
14:39:59.265 1000.0000000000 1000.0000000000 0.0000000000 1962.9999999981 1000.0000000000 823.0000000000
14:39:59.296 1000.0000000000 1000.0000000000 0.0000000000 1962.9999999981 1000.0000000000 823.0000000000
14:39:59.328 1000.0000000000 1000.0000000000 0.0000000000 1953.9999999981 1000.0000000000 814.0000000000
14:39:59.359 1000.0000000000 1000.0000000000 0.0000000000 1951.9999999981 1000.0000000000 812.0000000000
14:39:59.390 1000.0000000000 1000.0000000000 0.0000000000 1951.9999999981 1000.0000000000 812.0000000000
14:39:59.421 1000.0000000000 1000.0000000000 0.0000000000 1953.9999999981 1000.0000000000 814.0000000000
14:39:59.453 1000.0000000000 1000.0000000000 0.0000000000 1953.9999999981 1000.0000000000 814.0000000000
14:39:59.484 1000.0000000000 1000.0000000000 0.0000000000 1953.9999999981 1000.0000000000 814.0000000000
14:39:59.515 1000.0000000000 1000.0000000000 0.0000000000 1959.9999999981 1000.0000000000 820.0000000000
14:39:59.546 1000.0000000000 1000.0000000000 0.0000000000 1953.9999999981 1000.0000000000 814.0000000000
14:39:59.578 1000.0000000000 1000.0000000000 0.0000000000 1959.9999999981 1000.0000000000 820.0000000000
14:39:59.609 1000.0000000000 1000.0000000000 0.0000000000 1953.9999999981 1000.0000000000 814.0000000000
14:39:59.640 1000.0000000000 1000.0000000000 0.0000000000 1942.9999999981 1000.0000000000 803.0000000000
14:39:59.671 1000.0000000000 1000.0000000000 0.0000000000 1945.9999999981 1000.0000000000 806.0000000000
14:39:59.703 1000.0000000000 1000.0000000000 0.0000000000 1948.9999999981 1000.0000000000 809.0000000000
14:39:59.734 1000.0000000000 1000.0000000000 0.0000000000 1942.9999999981 1000.0000000000 803.0000000000
14:39:59.765 1000.0000000000 1000.0000000000 0.0000000000 1948.9999999981 1000.0000000000 809.0000000000
14:39:59.796 1000.0000000000 1000.0000000000 0.0000000000 1954.9999999981 1000.0000000000 815.0000000000
14:39:59.828 1000.0000000000 1000.0000000000 0.0000000000 1954.9999999981 1000.0000000000 815.0000000000
14:39:59.859 1000.0000000000 1000.0000000000 0.0000000000 1954.9999999981 1000.0000000000 815.0000000000
14:39:59.890 1000.0000000000 1000.0000000000 0.0000000000 1961.9999999981 1000.0000000000 822.0000000000
14:39:59.921 1000.0000000000 1000.0000000000 0.0000000000 1946.9999999981 1000.0000000000 807.0000000000
14:39:59.953 1000.0000000000 1000.0000000000 0.0000000000 1946.9999999981 1000.0000000000 807.0000000000
14:39:59.984 1000.0000000000 1000.0000000000 0.0000000000 1945.9999999981 1000.0000000000 806.0000000000
14:40:00.015 1000.0000000000 1000.0000000000 0.0000000000 1945.9999999981 1000.0000000000 806.0000000000
14:40:00.046 1000.0000000000 1000.0000000000 0.0000000000 1945.9999999981 1000.0000000000 806.0000000000
14:40:00.078 1000.0000000000 1000.0000000000 0.0000000000 1943.9999999981 1000.0000000000 804.0000000000
14:40:00.109 1000.0000000000 1000.0000000000 0.0000000000 1943.9999999981 1000.0000000000 804.0000000000
14:40:00.140 1000.0000000000 1000.0000000000 0.0000000000 1965.9999999981 1000.0000000000 826.0000000000
14:40:00.171 1000.0000000000 1000.0000000000 0.0000000000 1958.9999999981 1000.0000000000 819.0000000000
14:40:00.203 1000.0000000000 1000.0000000000 0.0000000000 1947.9999999981 1000.0000000000 808.0000000000
14:40:00.234 1000.0000000000 1000.0000000000 0.0000000000 1947.9999999981 1000.0000000000 808.0000000000
14:40:00.265 1000.0000000000 1000.0000000000 0.0000000000 1939.9999999981 1000.0000000000 800.0000000000
14:40:00.296 1000.0000000000 1000.0000000000 0.0000000000 1939.9999999981 1000.0000000000 800.0000000000
14:40:00.328 1000.0000000000 1000.0000000000 0.0000000000 1959.9999999981 1000.0000000000 820.0000000000
14:40:00.359 1000.0000000000 1000.0000000000 0.0000000000 1961.9999999981 1000.0000000000 822.0000000000
14:40:00.390 1000.0000000000 1000.0000000000 0.0000000000 1959.9999999981 1000.0000000000 820.0000000000
14:40:00.421 1000.0000000000 1000.0000000000 0.0000000000 1961.9999999981 1000.0000000000 822.0000000000
14:40:00.453 1000.0000000000 1000.0000000000 0.0000000000 1959.9999999981 1000.0000000000 820.0000000000
14:40:00.484 1000.0000000000 1000.0000000000 0.0000000000 1959.9999999981 1000.0000000000 820.0000000000
14:40:00.515 1000.0000000000 1000.0000000000 0.0000000000 1964.9999999981 1000.0000000000 825.0000000000
14:40:00.546 1000.0000000000 1000.0000000000 0.0000000000 1967.9999999981 1000.0000000000 828.0000000000
14:40:00.578 1000.0000000000 1000.0000000000 0.0000000000 1959.9999999981 1000.0000000000 820.0000000000
14:40:00.609 1000.0000000000 1000.0000000000 0.0000000000 1967.9999999981 1000.0000000000 828.0000000000
14:40:00.640 1000.0000000000 1000.0000000000 0.0000000000 1962.9999999981 1000.0000000000 823.0000000000
14:40:00.671 1000.0000000000 1000.0000000000 0.0000000000 1959.9999999981 1000.0000000000 820.0000000000
14:40:00.703 1000.0000000000 1000.0000000000 0.0000000000 1959.9999999981 1000.0000000000 820.0000000000
14:40:00.734 1000.0000000000 1000.0000000000 0.0000000000 1948.9999999981 1000.0000000000 809.0000000000
14:40:00.765 1000.0000000000 1000.0000000000 0.0000000000 1948.9999999981 1000.0000000000 809.0000000000
14:40:00.796 1000.0000000000 1000.0000000000 0.0000000000 1959.9999999981 1000.0000000000 820.0000000000
14:40:00.828 1000.0000000000 1000.0000000000 0.0000000000 1948.9999999981 1000.0000000000 809.0000000000
14:40:00.859 1000.0000000000 1000.0000000000 0.0000000000 1948.9999999981 1000.0000000000 809.0000000000
14:40:00.890 1000.0000000000 1000.0000000000 0.0000000000 1948.9999999981 1000.0000000000 809.0000000000
14:40:00.921 1000.0000000000 1000.0000000000 0.0000000000 1943.9999999981 1000.0000000000 804.0000000000
14:40:00.953 1000.0000000000 1000.0000000000 0.0000000000 1943.9999999981 1000.0000000000 804.0000000000
14:40:00.984 1000.0000000000 1000.0000000000 0.0000000000 1945.9999999981 1000.0000000000 806.0000000000
14:40:01.015 1000.0000000000 1000.0000000000 0.0000000000 1946.9999999981 1000.0000000000 807.0000000000
14:40:01.046 1000.0000000000 1000.0000000000 0.0000000000 1946.9999999981 1000.0000000000 807.0000000000
14:40:01.078 1000.0000000000 1000.0000000000 0.0000000000 1975.9999999981 1000.0000000000 836.0000000000
14:40:01.109 1000.0000000000 1000.0000000000 0.0000000000 1975.9999999981 1000.0000000000 836.0000000000
14:40:01.140 1000.0000000000 1000.0000000000 0.0000000000 1946.9999999981 1000.0000000000 807.0000000000
14:40:01.171 1000.0000000000 1000.0000000000 0.0000000000 1946.9999999981 1000.0000000000 807.0000000000
14:40:01.203 1000.0000000000 1000.0000000000 0.0000000000 1944.9999999981 1000.0000000000 805.0000000000
14:40:01.234 1000.0000000000 1000.0000000000 0.0000000000 1941.9999999981 1000.0000000000 802.0000000000
14:40:01.265 1000.0000000000 1000.0000000000 0.0000000000 1944.9999999981 1000.0000000000 805.0000000000
14:40:01.296 1000.0000000000 1000.0000000000 0.0000000000 1948.9999999981 1000.0000000000 809.0000000000
14:40:01.328 1000.0000000000 1000.0000000000 0.0000000000 1948.9999999981 1000.0000000000 809.0000000000
14:40:01.359 1000.0000000000 1000.0000000000 0.0000000000 1948.9999999981 1000.0000000000 809.0000000000
14:40:01.390 1000.0000000000 1000.0000000000 0.0000000000 1952.9999999981 1000.0000000000 813.0000000000
14:40:01.421 1000.0000000000 1000.0000000000 0.0000000000 1949.9999999981 1000.0000000000 810.0000000000
14:40:01.453 1000.0000000000 1000.0000000000 0.0000000000 1949.9999999981 1000.0000000000 810.0000000000
14:40:01.484 1000.0000000000 1000.0000000000 0.0000000000 1948.9999999981 1000.0000000000 809.0000000000
14:40:01.515 1000.0000000000 1000.0000000000 0.0000000000 1946.9999999981 1000.0000000000 807.0000000000
14:40:01.546 1000.0000000000 1000.0000000000 0.0000000000 1946.9999999981 1000.0000000000 807.0000000000
14:40:01.578 1000.0000000000 1000.0000000000 0.0000000000 1948.9999999981 1000.0000000000 809.0000000000
14:40:01.609 1000.0000000000 1000.0000000000 0.0000000000 1948.9999999981 1000.0000000000 809.0000000000
14:40:01.640 1000.0000000000 1000.0000000000 0.0000000000 1954.9999999981 1000.0000000000 815.0000000000
14:40:01.671 1000.0000000000 1000.0000000000 0.0000000000 1948.9999999981 1000.0000000000 809.0000000000
14:40:01.703 1000.0000000000 1000.0000000000 0.0000000000 1948.9999999981 1000.0000000000 809.0000000000
14:40:01.734 1000.0000000000 1000.0000000000 0.0000000000 1948.9999999981 1000.0000000000 809.0000000000
14:40:01.765 1000.0000000000 1000.0000000000 0.0000000000 1950.9999999981 1000.0000000000 811.0000000000
14:40:01.796 1000.0000000000 1000.0000000000 0.0000000000 1940.9999999981 1000.0000000000 801.0000000000
14:40:01.828 1000.0000000000 1000.0000000000 0.0000000000 1950.9999999981 1000.0000000000 811.0000000000
14:40:01.859 1000.0000000000 1000.0000000000 0.0000000000 1940.9999999981 1000.0000000000 801.0000000000
14:40:01.890 1000.0000000000 1000.0000000000 0.0000000000 1940.9999999981 1000.0000000000 801.0000000000
14:40:01.921 1000.0000000000 1000.0000000000 0.0000000000 1945.9999999981 1000.0000000000 806.0000000000
14:40:01.953 1000.0000000000 1000.0000000000 0.0000000000 1955.9999999981 1000.0000000000 816.0000000000
14:40:01.984 1000.0000000000 1000.0000000000 0.0000000000 1947.9999999981 1000.0000000000 808.0000000000
14:40:02.015 1000.0000000000 1000.0000000000 0.0000000000 1952.9999999981 1000.0000000000 813.0000000000
14:40:02.046 1000.0000000000 1000.0000000000 0.0000000000 1947.9999999981 1000.0000000000 808.0000000000
14:40:02.078 1000.0000000000 1000.0000000000 0.0000000000 1943.9999999981 1000.0000000000 804.0000000000
14:40:02.109 1000.0000000000 1000.0000000000 0.0000000000 1943.9999999981 1000.0000000000 804.0000000000
14:40:02.140 1000.0000000000 1000.0000000000 0.0000000000 1941.9999999981 1000.0000000000 802.0000000000
14:40:02.171 1000.0000000000 1000.0000000000 0.0000000000 1941.9999999981 1000.0000000000 802.0000000000
14:40:02.203 1000.0000000000 1000.0000000000 0.0000000000 1966.9999999981 1000.0000000000 827.0000000000
14:40:02.234 1000.0000000000 1000.0000000000 0.0000000000 1956.9999999981 1000.0000000000 817.0000000000
14:40:02.265 1000.0000000000 1000.0000000000 0.0000000000 1956.9999999981 1000.0000000000 817.0000000000
14:40:02.296 1000.0000000000 1000.0000000000 0.0000000000 1959.9999999981 1000.0000000000 820.0000000000
14:40:02.328 1000.0000000000 1000.0000000000 0.0000000000 1961.9999999981 1000.0000000000 822.0000000000
14:40:02.359 1000.0000000000 1000.0000000000 0.0000000000 1961.9999999981 1000.0000000000 822.0000000000
14:40:02.390 1000.0000000000 1000.0000000000 0.0000000000 1961.9999999981 1000.0000000000 822.0000000000
14:40:02.421 1000.0000000000 1000.0000000000 0.0000000000 1945.9999999981 1000.0000000000 806.0000000000
14:40:02.453 1000.0000000000 1000.0000000000 0.0000000000 1945.9999999981 1000.0000000000 806.0000000000
14:40:02.484 1000.0000000000 1000.0000000000 0.0000000000 1966.9999999981 1000.0000000000 827.0000000000
14:40:02.515 1000.0000000000 1000.0000000000 0.0000000000 1955.9999999981 1000.0000000000 816.0000000000
14:40:02.546 1000.0000000000 1000.0000000000 0.0000000000 1955.9999999981 1000.0000000000 816.0000000000
14:40:02.578 1000.0000000000 1000.0000000000 0.0000000000 1960.9999999981 1000.0000000000 821.0000000000
14:40:02.609 1000.0000000000 1000.0000000000 0.0000000000 1980.9999999981 1000.0000000000 841.0000000000
14:40:02.640 1000.0000000000 1000.0000000000 0.0000000000 1955.9999999981 1000.0000000000 816.0000000000
14:40:02.671 1000.0000000000 1000.0000000000 0.0000000000 1955.9999999981 1000.0000000000 816.0000000000
14:40:02.703 1000.0000000000 1000.0000000000 0.0000000000 1954.9999999981 1000.0000000000 815.0000000000
14:40:02.734 1000.0000000000 1000.0000000000 0.0000000000 1944.9999999981 1000.0000000000 805.0000000000
14:40:02.765 1000.0000000000 1000.0000000000 0.0000000000 1944.9999999981 1000.0000000000 805.0000000000
14:40:02.796 1000.0000000000 1000.0000000000 0.0000000000 1954.9999999981 1000.0000000000 815.0000000000
14:40:02.828 1000.0000000000 1000.0000000000 0.0000000000 1943.9999999981 1000.0000000000 804.0000000000
14:40:02.859 1000.0000000000 1000.0000000000 0.0000000000 1954.9999999981 1000.0000000000 815.0000000000
14:40:02.890 1000.0000000000 1000.0000000000 0.0000000000 1956.9999999981 1000.0000000000 817.0000000000
14:40:02.921 1000.0000000000 1000.0000000000 0.0000000000 1956.9999999981 1000.0000000000 817.0000000000
14:40:02.953 1000.0000000000 1000.0000000000 0.0000000000 1956.9999999981 1000.0000000000 817.0000000000
14:40:02.984 1000.0000000000 1000.0000000000 0.0000000000 1938.9999999981 1000.0000000000 799.0000000000
14:40:03.015 1000.0000000000 1000.0000000000 0.0000000000 1931.9999999981 1000.0000000000 792.0000000000
14:40:03.046 1000.0000000000 1000.0000000000 0.0000000000 1934.9999999981 1000.0000000000 795.0000000000
14:40:03.078 1000.0000000000 1000.0000000000 0.0000000000 1938.9999999981 1000.0000000000 799.0000000000
14:40:03.109 1000.0000000000 1000.0000000000 0.0000000000 1938.9999999981 1000.0000000000 799.0000000000
14:40:03.140 1000.0000000000 1000.0000000000 0.0000000000 1949.9999999981 1000.0000000000 810.0000000000
14:40:03.171 1000.0000000000 1000.0000000000 0.0000000000 1948.9999999981 1000.0000000000 809.0000000000
14:40:03.203 1000.0000000000 1000.0000000000 0.0000000000 1948.9999999981 1000.0000000000 809.0000000000
14:40:03.234 1000.0000000000 1000.0000000000 0.0000000000 1948.9999999981 1000.0000000000 809.0000000000
14:40:03.265 1000.0000000000 1000.0000000000 0.0000000000 1946.9999999981 1000.0000000000 807.0000000000
14:40:03.296 1000.0000000000 1000.0000000000 0.0000000000 1945.9999999981 1000.0000000000 806.0000000000
14:40:03.328 1000.0000000000 1000.0000000000 0.0000000000 1946.9999999981 1000.0000000000 807.0000000000
14:40:03.359 1000.0000000000 1000.0000000000 0.0000000000 1945.9999999981 1000.0000000000 806.0000000000
14:40:03.390 1000.0000000000 1000.0000000000 0.0000000000 1945.9999999981 1000.0000000000 806.0000000000
