Тестовая информация 0. Исходные сенсорные данные: Time, X_rob, Y_rob, Ang_rob, X_obj, Y_obj, Distance (мм, град)
14:40:21.234 1000.0000000000 1000.0000000000 0.0000000000 2004.9999999981 1000.0000000000 865.0000000000
14:40:21.265 1000.0000000000 1000.0000000000 0.0000000000 2004.9999999981 1000.0000000000 865.0000000000
14:40:21.296 1000.0000000000 1000.0000000000 0.0000000000 2004.9999999981 1000.0000000000 865.0000000000
14:40:21.328 1000.0000000000 1000.0000000000 0.0000000000 2002.9999999981 1000.0000000000 863.0000000000
14:40:21.359 1000.0000000000 1000.0000000000 0.0000000000 2002.9999999981 1000.0000000000 863.0000000000
14:40:21.390 1000.0000000000 1000.0000000000 0.0000000000 2002.9999999981 1000.0000000000 863.0000000000
14:40:21.421 1000.0000000000 1000.0000000000 0.0000000000 2002.9999999981 1000.0000000000 863.0000000000
14:40:21.453 1000.0000000000 1000.0000000000 0.0000000000 2011.9999999981 1000.0000000000 872.0000000000
14:40:21.484 1000.0000000000 1000.0000000000 0.0000000000 2009.9999999981 1000.0000000000 870.0000000000
14:40:21.515 1000.0000000000 1000.0000000000 0.0000000000 2009.9999999981 1000.0000000000 870.0000000000
14:40:21.546 1000.0000000000 1000.0000000000 0.0000000000 2028.9999999981 1000.0000000000 889.0000000000
14:40:21.578 1000.0000000000 1000.0000000000 0.0000000000 2009.9999999981 1000.0000000000 870.0000000000
14:40:21.609 1000.0000000000 1000.0000000000 0.0000000000 1998.9999999981 1000.0000000000 859.0000000000
14:40:21.640 1000.0000000000 1000.0000000000 0.0000000000 1998.9999999981 1000.0000000000 859.0000000000
14:40:21.671 1000.0000000000 1000.0000000000 0.0000000000 2004.9999999981 1000.0000000000 865.0000000000
14:40:21.703 1000.0000000000 1000.0000000000 0.0000000000 2002.9999999981 1000.0000000000 863.0000000000
14:40:21.734 1000.0000000000 1000.0000000000 0.0000000000 2004.9999999981 1000.0000000000 865.0000000000
14:40:21.765 1000.0000000000 1000.0000000000 0.0000000000 2002.9999999981 1000.0000000000 863.0000000000
14:40:21.796 1000.0000000000 1000.0000000000 0.0000000000 2002.9999999981 1000.0000000000 863.0000000000
14:40:21.828 1000.0000000000 1000.0000000000 0.0000000000 2008.9999999981 1000.0000000000 869.0000000000
14:40:21.859 1000.0000000000 1000.0000000000 0.0000000000 2002.9999999981 1000.0000000000 863.0000000000
14:40:21.890 1000.0000000000 1000.0000000000 0.0000000000 1994.9999999981 1000.0000000000 855.0000000000
14:40:21.921 1000.0000000000 1000.0000000000 0.0000000000 2002.9999999981 1000.0000000000 863.0000000000
14:40:21.953 1000.0000000000 1000.0000000000 0.0000000000 2010.9999999981 1000.0000000000 871.0000000000
14:40:21.984 1000.0000000000 1000.0000000000 0.0000000000 2010.9999999981 1000.0000000000 871.0000000000
14:40:22.015 1000.0000000000 1000.0000000000 0.0000000000 2010.9999999981 1000.0000000000 871.0000000000
14:40:22.046 1000.0000000000 1000.0000000000 0.0000000000 2006.9999999981 1000.0000000000 867.0000000000
14:40:22.078 1000.0000000000 1000.0000000000 0.0000000000 2006.9999999981 1000.0000000000 867.0000000000
14:40:22.109 1000.0000000000 1000.0000000000 0.0000000000 2007.9999999981 1000.0000000000 868.0000000000
14:40:22.140 1000.0000000000 1000.0000000000 0.0000000000 2018.9999999981 1000.0000000000 879.0000000000
14:40:22.171 1000.0000000000 1000.0000000000 0.0000000000 2008.9999999981 1000.0000000000 869.0000000000
14:40:22.203 1000.0000000000 1000.0000000000 0.0000000000 2008.9999999981 1000.0000000000 869.0000000000
14:40:22.234 1000.0000000000 1000.0000000000 0.0000000000 1996.9999999981 1000.0000000000 857.0000000000
14:40:22.265 1000.0000000000 1000.0000000000 0.0000000000 1994.9999999981 1000.0000000000 855.0000000000
14:40:22.296 1000.0000000000 1000.0000000000 0.0000000000 1994.9999999981 1000.0000000000 855.0000000000
14:40:22.328 1000.0000000000 1000.0000000000 0.0000000000 1992.9999999981 1000.0000000000 853.0000000000
14:40:22.359 1000.0000000000 1000.0000000000 0.0000000000 1991.9999999981 1000.0000000000 852.0000000000
14:40:22.390 1000.0000000000 1000.0000000000 0.0000000000 1992.9999999981 1000.0000000000 853.0000000000
14:40:22.421 1000.0000000000 1000.0000000000 0.0000000000 1991.9999999981 1000.0000000000 852.0000000000
14:40:22.453 1000.0000000000 1000.0000000000 0.0000000000 1991.9999999981 1000.0000000000 852.0000000000
14:40:22.484 1000.0000000000 1000.0000000000 0.0000000000 1995.9999999981 1000.0000000000 856.0000000000
14:40:22.515 1000.0000000000 1000.0000000000 0.0000000000 1999.9999999981 1000.0000000000 860.0000000000
14:40:22.546 1000.0000000000 1000.0000000000 0.0000000000 1991.9999999981 1000.0000000000 852.0000000000
14:40:22.578 1000.0000000000 1000.0000000000 0.0000000000 1991.9999999981 1000.0000000000 852.0000000000
14:40:22.609 1000.0000000000 1000.0000000000 0.0000000000 1991.9999999981 1000.0000000000 852.0000000000
14:40:22.640 1000.0000000000 1000.0000000000 0.0000000000 1991.9999999981 1000.0000000000 852.0000000000
14:40:22.671 1000.0000000000 1000.0000000000 0.0000000000 1991.9999999981 1000.0000000000 852.0000000000
14:40:22.703 1000.0000000000 1000.0000000000 0.0000000000 2002.9999999981 1000.0000000000 863.0000000000
14:40:22.734 1000.0000000000 1000.0000000000 0.0000000000 1991.9999999981 1000.0000000000 852.0000000000
14:40:22.765 1000.0000000000 1000.0000000000 0.0000000000 1994.9999999981 1000.0000000000 855.0000000000
14:40:22.796 1000.0000000000 1000.0000000000 0.0000000000 1991.9999999981 1000.0000000000 852.0000000000
14:40:22.828 1000.0000000000 1000.0000000000 0.0000000000 1991.9999999981 1000.0000000000 852.0000000000
14:40:22.859 1000.0000000000 1000.0000000000 0.0000000000 1991.9999999981 1000.0000000000 852.0000000000
14:40:22.890 1000.0000000000 1000.0000000000 0.0000000000 1989.9999999981 1000.0000000000 850.0000000000
14:40:22.921 1000.0000000000 1000.0000000000 0.0000000000 1989.9999999981 1000.0000000000 850.0000000000
14:40:22.953 1000.0000000000 1000.0000000000 0.0000000000 1996.9999999981 1000.0000000000 857.0000000000
14:40:22.984 1000.0000000000 1000.0000000000 0.0000000000 2007.9999999981 1000.0000000000 868.0000000000
14:40:23.015 1000.0000000000 1000.0000000000 0.0000000000 1993.9999999981 1000.0000000000 854.0000000000
14:40:23.046 1000.0000000000 1000.0000000000 0.0000000000 2000.9999999981 1000.0000000000 861.0000000000
14:40:23.078 1000.0000000000 1000.0000000000 0.0000000000 2007.9999999981 1000.0000000000 868.0000000000
14:40:23.109 1000.0000000000 1000.0000000000 0.0000000000 2007.9999999981 1000.0000000000 868.0000000000
14:40:23.140 1000.0000000000 1000.0000000000 0.0000000000 2018.9999999981 1000.0000000000 879.0000000000
14:40:23.171 1000.0000000000 1000.0000000000 0.0000000000 2013.9999999981 1000.0000000000 874.0000000000
14:40:23.203 1000.0000000000 1000.0000000000 0.0000000000 2007.9999999981 1000.0000000000 868.0000000000
14:40:23.234 1000.0000000000 1000.0000000000 0.0000000000 2013.9999999981 1000.0000000000 874.0000000000
14:40:23.265 1000.0000000000 1000.0000000000 0.0000000000 2007.9999999981 1000.0000000000 868.0000000000
14:40:23.296 1000.0000000000 1000.0000000000 0.0000000000 2007.9999999981 1000.0000000000 868.0000000000
14:40:23.328 1000.0000000000 1000.0000000000 0.0000000000 2007.9999999981 1000.0000000000 868.0000000000
14:40:23.359 1000.0000000000 1000.0000000000 0.0000000000 1996.9999999981 1000.0000000000 857.0000000000
14:40:23.390 1000.0000000000 1000.0000000000 0.0000000000 1986.9999999981 1000.0000000000 847.0000000000
14:40:23.421 1000.0000000000 1000.0000000000 0.0000000000 1994.9999999981 1000.0000000000 855.0000000000
14:40:23.453 1000.0000000000 1000.0000000000 0.0000000000 1993.9999999981 1000.0000000000 854.0000000000
14:40:23.484 1000.0000000000 1000.0000000000 0.0000000000 1993.9999999981 1000.0000000000 854.0000000000
14:40:23.515 1000.0000000000 1000.0000000000 0.0000000000 2007.9999999981 1000.0000000000 868.0000000000
14:40:23.546 1000.0000000000 1000.0000000000 0.0000000000 2010.9999999981 1000.0000000000 871.0000000000
14:40:23.578 1000.0000000000 1000.0000000000 0.0000000000 2005.9999999981 1000.0000000000 866.0000000000
14:40:23.609 1000.0000000000 1000.0000000000 0.0000000000 2010.9999999981 1000.0000000000 871.0000000000
14:40:23.640 1000.0000000000 1000.0000000000 0.0000000000 2017.9999999981 1000.0000000000 878.0000000000
14:40:23.671 1000.0000000000 1000.0000000000 0.0000000000 2017.9999999981 1000.0000000000 878.0000000000
14:40:23.703 1000.0000000000 1000.0000000000 0.0000000000 2017.9999999981 1000.0000000000 878.0000000000
14:40:23.734 1000.0000000000 1000.0000000000 0.0000000000 1992.9999999981 1000.0000000000 853.0000000000
14:40:23.765 1000.0000000000 1000.0000000000 0.0000000000 1991.9999999981 1000.0000000000 852.0000000000
14:40:23.796 1000.0000000000 1000.0000000000 0.0000000000 1992.9999999981 1000.0000000000 853.0000000000
14:40:23.828 1000.0000000000 1000.0000000000 0.0000000000 1991.9999999981 1000.0000000000 852.0000000000
14:40:23.859 1000.0000000000 1000.0000000000 0.0000000000 1991.9999999981 1000.0000000000 852.0000000000
14:40:23.890 1000.0000000000 1000.0000000000 0.0000000000 1992.9999999981 1000.0000000000 853.0000000000
14:40:23.921 1000.0000000000 1000.0000000000 0.0000000000 2013.9999999981 1000.0000000000 874.0000000000
14:40:23.953 1000.0000000000 1000.0000000000 0.0000000000 2008.9999999981 1000.0000000000 869.0000000000
14:40:23.984 1000.0000000000 1000.0000000000 0.0000000000 2008.9999999981 1000.0000000000 869.0000000000
14:40:24.015 1000.0000000000 1000.0000000000 0.0000000000 2000.9999999981 1000.0000000000 861.0000000000
14:40:24.046 1000.0000000000 1000.0000000000 0.0000000000 1980.9999999981 1000.0000000000 841.0000000000
14:40:24.078 1000.0000000000 1000.0000000000 0.0000000000 2000.9999999981 1000.0000000000 861.0000000000
14:40:24.109 1000.0000000000 1000.0000000000 0.0000000000 2022.9999999981 1000.0000000000 883.0000000000
14:40:24.140 1000.0000000000 1000.0000000000 0.0000000000 2013.9999999981 1000.0000000000 874.0000000000
14:40:24.171 1000.0000000000 1000.0000000000 0.0000000000 2013.9999999981 1000.0000000000 874.0000000000
14:40:24.203 1000.0000000000 1000.0000000000 0.0000000000 2009.9999999981 1000.0000000000 870.0000000000
14:40:24.234 1000.0000000000 1000.0000000000 0.0000000000 1996.9999999981 1000.0000000000 857.0000000000
14:40:24.265 1000.0000000000 1000.0000000000 0.0000000000 1999.9999999981 1000.0000000000 860.0000000000
14:40:24.296 1000.0000000000 1000.0000000000 0.0000000000 1996.9999999981 1000.0000000000 857.0000000000
14:40:24.328 1000.0000000000 1000.0000000000 0.0000000000 1992.9999999981 1000.0000000000 853.0000000000
14:40:24.359 1000.0000000000 1000.0000000000 0.0000000000 1992.9999999981 1000.0000000000 853.0000000000
14:40:24.390 1000.0000000000 1000.0000000000 0.0000000000 1996.9999999981 1000.0000000000 857.0000000000
14:40:24.421 1000.0000000000 1000.0000000000 0.0000000000 1996.9999999981 1000.0000000000 857.0000000000
14:40:24.453 1000.0000000000 1000.0000000000 0.0000000000 1999.9999999981 1000.0000000000 860.0000000000
14:40:24.484 1000.0000000000 1000.0000000000 0.0000000000 2018.9999999981 1000.0000000000 879.0000000000
14:40:24.515 1000.0000000000 1000.0000000000 0.0000000000 2010.9999999981 1000.0000000000 871.0000000000
14:40:24.546 1000.0000000000 1000.0000000000 0.0000000000 2010.9999999981 1000.0000000000 871.0000000000
14:40:24.578 1000.0000000000 1000.0000000000 0.0000000000 1992.9999999981 1000.0000000000 853.0000000000
14:40:24.609 1000.0000000000 1000.0000000000 0.0000000000 1990.9999999981 1000.0000000000 851.0000000000
14:40:24.640 1000.0000000000 1000.0000000000 0.0000000000 1991.9999999981 1000.0000000000 852.0000000000
14:40:24.671 1000.0000000000 1000.0000000000 0.0000000000 1990.9999999981 1000.0000000000 851.0000000000
14:40:24.703 1000.0000000000 1000.0000000000 0.0000000000 1989.9999999981 1000.0000000000 850.0000000000
14:40:24.734 1000.0000000000 1000.0000000000 0.0000000000 1989.9999999981 1000.0000000000 850.0000000000
14:40:24.765 1000.0000000000 1000.0000000000 0.0000000000 1990.9999999981 1000.0000000000 851.0000000000
14:40:24.796 1000.0000000000 1000.0000000000 0.0000000000 1989.9999999981 1000.0000000000 850.0000000000
14:40:24.828 1000.0000000000 1000.0000000000 0.0000000000 1990.9999999981 1000.0000000000 851.0000000000
14:40:24.859 1000.0000000000 1000.0000000000 0.0000000000 1992.9999999981 1000.0000000000 853.0000000000
14:40:24.890 1000.0000000000 1000.0000000000 0.0000000000 1992.9999999981 1000.0000000000 853.0000000000
14:40:24.921 1000.0000000000 1000.0000000000 0.0000000000 1993.9999999981 1000.0000000000 854.0000000000
14:40:24.953 1000.0000000000 1000.0000000000 0.0000000000 1994.9999999981 1000.0000000000 855.0000000000
14:40:24.984 1000.0000000000 1000.0000000000 0.0000000000 1994.9999999981 1000.0000000000 855.0000000000
14:40:25.015 1000.0000000000 1000.0000000000 0.0000000000 1999.9999999981 1000.0000000000 860.0000000000
14:40:25.046 1000.0000000000 1000.0000000000 0.0000000000 1996.9999999981 1000.0000000000 857.0000000000
14:40:25.078 1000.0000000000 1000.0000000000 0.0000000000 1996.9999999981 1000.0000000000 857.0000000000
14:40:25.109 1000.0000000000 1000.0000000000 0.0000000000 1996.9999999981 1000.0000000000 857.0000000000
14:40:25.140 1000.0000000000 1000.0000000000 0.0000000000 1989.9999999981 1000.0000000000 850.0000000000
14:40:25.171 1000.0000000000 1000.0000000000 0.0000000000 1989.9999999981 1000.0000000000 850.0000000000
14:40:25.203 1000.0000000000 1000.0000000000 0.0000000000 1989.9999999981 1000.0000000000 850.0000000000
14:40:25.234 1000.0000000000 1000.0000000000 0.0000000000 1992.9999999981 1000.0000000000 853.0000000000
14:40:25.265 1000.0000000000 1000.0000000000 0.0000000000 1988.9999999981 1000.0000000000 849.0000000000
14:40:25.296 1000.0000000000 1000.0000000000 0.0000000000 1992.9999999981 1000.0000000000 853.0000000000
14:40:25.328 1000.0000000000 1000.0000000000 0.0000000000 1988.9999999981 1000.0000000000 849.0000000000
14:40:25.359 1000.0000000000 1000.0000000000 0.0000000000 1988.9999999981 1000.0000000000 849.0000000000
14:40:25.390 1000.0000000000 1000.0000000000 0.0000000000 2002.9999999981 1000.0000000000 863.0000000000
14:40:25.421 1000.0000000000 1000.0000000000 0.0000000000 2007.9999999981 1000.0000000000 868.0000000000
14:40:25.453 1000.0000000000 1000.0000000000 0.0000000000 1997.9999999981 1000.0000000000 858.0000000000
14:40:25.484 1000.0000000000 1000.0000000000 0.0000000000 2007.9999999981 1000.0000000000 868.0000000000
14:40:25.515 1000.0000000000 1000.0000000000 0.0000000000 2004.9999999981 1000.0000000000 865.0000000000
14:40:25.546 1000.0000000000 1000.0000000000 0.0000000000 2004.9999999981 1000.0000000000 865.0000000000
14:40:25.578 1000.0000000000 1000.0000000000 0.0000000000 2004.9999999981 1000.0000000000 865.0000000000
14:40:25.609 1000.0000000000 1000.0000000000 0.0000000000 1995.9999999981 1000.0000000000 856.0000000000
14:40:25.640 1000.0000000000 1000.0000000000 0.0000000000 1989.9999999981 1000.0000000000 850.0000000000
14:40:25.671 1000.0000000000 1000.0000000000 0.0000000000 1989.9999999981 1000.0000000000 850.0000000000
14:40:25.703 1000.0000000000 1000.0000000000 0.0000000000 1995.9999999981 1000.0000000000 856.0000000000
14:40:25.734 1000.0000000000 1000.0000000000 0.0000000000 1995.9999999981 1000.0000000000 856.0000000000
14:40:25.765 1000.0000000000 1000.0000000000 0.0000000000 2002.9999999981 1000.0000000000 863.0000000000
14:40:25.796 1000.0000000000 1000.0000000000 0.0000000000 1997.9999999981 1000.0000000000 858.0000000000
14:40:25.828 1000.0000000000 1000.0000000000 0.0000000000 1995.9999999981 1000.0000000000 856.0000000000
14:40:25.859 1000.0000000000 1000.0000000000 0.0000000000 1997.9999999981 1000.0000000000 858.0000000000
14:40:25.890 1000.0000000000 1000.0000000000 0.0000000000 1995.9999999981 1000.0000000000 856.0000000000
14:40:25.921 1000.0000000000 1000.0000000000 0.0000000000 1994.9999999981 1000.0000000000 855.0000000000
14:40:25.953 1000.0000000000 1000.0000000000 0.0000000000 1995.9999999981 1000.0000000000 856.0000000000
14:40:25.984 1000.0000000000 1000.0000000000 0.0000000000 2004.9999999981 1000.0000000000 865.0000000000
14:40:26.015 1000.0000000000 1000.0000000000 0.0000000000 2004.9999999981 1000.0000000000 865.0000000000
14:40:26.046 1000.0000000000 1000.0000000000 0.0000000000 2004.9999999981 1000.0000000000 865.0000000000
14:40:26.078 1000.0000000000 1000.0000000000 0.0000000000 2006.9999999981 1000.0000000000 867.0000000000
14:40:26.109 1000.0000000000 1000.0000000000 0.0000000000 2004.9999999981 1000.0000000000 865.0000000000
14:40:26.140 1000.0000000000 1000.0000000000 0.0000000000 2004.9999999981 1000.0000000000 865.0000000000
14:40:26.171 1000.0000000000 1000.0000000000 0.0000000000 1994.9999999981 1000.0000000000 855.0000000000
14:40:26.203 1000.0000000000 1000.0000000000 0.0000000000 1994.9999999981 1000.0000000000 855.0000000000
14:40:26.234 1000.0000000000 1000.0000000000 0.0000000000 2001.9999999981 1000.0000000000 862.0000000000
14:40:26.265 1000.0000000000 1000.0000000000 0.0000000000 2007.9999999981 1000.0000000000 868.0000000000
14:40:26.296 1000.0000000000 1000.0000000000 0.0000000000 2005.9999999981 1000.0000000000 866.0000000000
14:40:26.328 1000.0000000000 1000.0000000000 0.0000000000 2005.9999999981 1000.0000000000 866.0000000000
14:40:26.359 1000.0000000000 1000.0000000000 0.0000000000 2004.9999999981 1000.0000000000 865.0000000000
14:40:26.390 1000.0000000000 1000.0000000000 0.0000000000 2004.9999999981 1000.0000000000 865.0000000000
14:40:26.421 1000.0000000000 1000.0000000000 0.0000000000 2004.9999999981 1000.0000000000 865.0000000000
14:40:26.453 1000.0000000000 1000.0000000000 0.0000000000 2009.9999999981 1000.0000000000 870.0000000000
14:40:26.484 1000.0000000000 1000.0000000000 0.0000000000 1990.9999999981 1000.0000000000 851.0000000000
14:40:26.515 1000.0000000000 1000.0000000000 0.0000000000 1997.9999999981 1000.0000000000 858.0000000000
14:40:26.546 1000.0000000000 1000.0000000000 0.0000000000 1995.9999999981 1000.0000000000 856.0000000000
14:40:26.578 1000.0000000000 1000.0000000000 0.0000000000 1995.9999999981 1000.0000000000 856.0000000000
14:40:26.609 1000.0000000000 1000.0000000000 0.0000000000 1995.9999999981 1000.0000000000 856.0000000000
14:40:26.640 1000.0000000000 1000.0000000000 0.0000000000 1997.9999999981 1000.0000000000 858.0000000000
14:40:26.671 1000.0000000000 1000.0000000000 0.0000000000 1997.9999999981 1000.0000000000 858.0000000000
14:40:26.703 1000.0000000000 1000.0000000000 0.0000000000 2004.9999999981 1000.0000000000 865.0000000000
14:40:26.734 1000.0000000000 1000.0000000000 0.0000000000 1997.9999999981 1000.0000000000 858.0000000000
14:40:26.765 1000.0000000000 1000.0000000000 0.0000000000 1997.9999999981 1000.0000000000 858.0000000000
14:40:26.796 1000.0000000000 1000.0000000000 0.0000000000 1997.9999999981 1000.0000000000 858.0000000000
14:40:26.828 1000.0000000000 1000.0000000000 0.0000000000 1995.9999999981 1000.0000000000 856.0000000000
14:40:26.859 1000.0000000000 1000.0000000000 0.0000000000 1993.9999999981 1000.0000000000 854.0000000000
14:40:26.890 1000.0000000000 1000.0000000000 0.0000000000 1995.9999999981 1000.0000000000 856.0000000000
14:40:26.921 1000.0000000000 1000.0000000000 0.0000000000 1993.9999999981 1000.0000000000 854.0000000000
14:40:26.953 1000.0000000000 1000.0000000000 0.0000000000 1993.9999999981 1000.0000000000 854.0000000000
14:40:26.984 1000.0000000000 1000.0000000000 0.0000000000 2012.9999999981 1000.0000000000 873.0000000000
14:40:27.015 1000.0000000000 1000.0000000000 0.0000000000 2035.9999999981 1000.0000000000 896.0000000000
14:40:27.046 1000.0000000000 1000.0000000000 0.0000000000 2008.9999999981 1000.0000000000 869.0000000000
14:40:27.078 1000.0000000000 1000.0000000000 0.0000000000 2008.9999999981 1000.0000000000 869.0000000000
14:40:27.109 1000.0000000000 1000.0000000000 0.0000000000 2000.9999999981 1000.0000000000 861.0000000000
14:40:27.140 1000.0000000000 1000.0000000000 0.0000000000 2000.9999999981 1000.0000000000 861.0000000000
14:40:27.171 1000.0000000000 1000.0000000000 0.0000000000 2008.9999999981 1000.0000000000 869.0000000000
14:40:27.203 1000.0000000000 1000.0000000000 0.0000000000 2000.9999999981 1000.0000000000 861.0000000000
14:40:27.234 1000.0000000000 1000.0000000000 0.0000000000 2000.9999999981 1000.0000000000 861.0000000000
14:40:27.265 1000.0000000000 1000.0000000000 0.0000000000 2019.9999999981 1000.0000000000 880.0000000000
14:40:27.296 1000.0000000000 1000.0000000000 0.0000000000 2034.9999999981 1000.0000000000 895.0000000000
14:40:27.328 1000.0000000000 1000.0000000000 0.0000000000 2018.9999999981 1000.0000000000 879.0000000000
14:40:27.359 1000.0000000000 1000.0000000000 0.0000000000 2018.9999999981 1000.0000000000 879.0000000000
14:40:27.390 1000.0000000000 1000.0000000000 0.0000000000 2011.9999999981 1000.0000000000 872.0000000000
14:40:27.421 1000.0000000000 1000.0000000000 0.0000000000 1991.9999999981 1000.0000000000 852.0000000000
14:40:27.453 1000.0000000000 1000.0000000000 0.0000000000 1991.9999999981 1000.0000000000 852.0000000000
14:40:27.484 1000.0000000000 1000.0000000000 0.0000000000 2000.9999999981 1000.0000000000 861.0000000000
14:40:27.515 1000.0000000000 1000.0000000000 0.0000000000 2000.9999999981 1000.0000000000 861.0000000000
14:40:27.546 1000.0000000000 1000.0000000000 0.0000000000 2002.9999999981 1000.0000000000 863.0000000000
14:40:27.578 1000.0000000000 1000.0000000000 0.0000000000 2000.9999999981 1000.0000000000 861.0000000000
14:40:27.609 1000.0000000000 1000.0000000000 0.0000000000 1999.9999999981 1000.0000000000 860.0000000000
14:40:27.640 1000.0000000000 1000.0000000000 0.0000000000 1999.9999999981 1000.0000000000 860.0000000000
14:40:27.671 1000.0000000000 1000.0000000000 0.0000000000 1992.9999999981 1000.0000000000 853.0000000000
14:40:27.703 1000.0000000000 1000.0000000000 0.0000000000 1988.9999999981 1000.0000000000 849.0000000000
14:40:27.734 1000.0000000000 1000.0000000000 0.0000000000 1992.9999999981 1000.0000000000 853.0000000000
14:40:27.765 1000.0000000000 1000.0000000000 0.0000000000 1995.9999999981 1000.0000000000 856.0000000000
14:40:27.796 1000.0000000000 1000.0000000000 0.0000000000 1995.9999999981 1000.0000000000 856.0000000000
14:40:27.828 1000.0000000000 1000.0000000000 0.0000000000 1996.9999999981 1000.0000000000 857.0000000000
14:40:27.859 1000.0000000000 1000.0000000000 0.0000000000 2019.9999999981 1000.0000000000 880.0000000000
14:40:27.890 1000.0000000000 1000.0000000000 0.0000000000 2004.9999999981 1000.0000000000 865.0000000000
14:40:27.921 1000.0000000000 1000.0000000000 0.0000000000 2004.9999999981 1000.0000000000 865.0000000000
14:40:27.953 1000.0000000000 1000.0000000000 0.0000000000 1998.9999999981 1000.0000000000 859.0000000000
14:40:27.984 1000.0000000000 1000.0000000000 0.0000000000 1997.9999999981 1000.0000000000 858.0000000000
14:40:28.015 1000.0000000000 1000.0000000000 0.0000000000 1998.9999999981 1000.0000000000 859.0000000000
14:40:28.046 1000.0000000000 1000.0000000000 0.0000000000 1997.9999999981 1000.0000000000 858.0000000000
14:40:28.078 1000.0000000000 1000.0000000000 0.0000000000 1993.9999999981 1000.0000000000 854.0000000000
14:40:28.109 1000.0000000000 1000.0000000000 0.0000000000 1997.9999999981 1000.0000000000 858.0000000000
14:40:28.140 1000.0000000000 1000.0000000000 0.0000000000 1997.9999999981 1000.0000000000 858.0000000000
14:40:28.171 1000.0000000000 1000.0000000000 0.0000000000 1997.9999999981 1000.0000000000 858.0000000000
14:40:28.203 1000.0000000000 1000.0000000000 0.0000000000 1998.9999999981 1000.0000000000 859.0000000000
14:40:28.234 1000.0000000000 1000.0000000000 0.0000000000 1997.9999999981 1000.0000000000 858.0000000000
14:40:28.265 1000.0000000000 1000.0000000000 0.0000000000 1985.9999999981 1000.0000000000 846.0000000000
14:40:28.296 1000.0000000000 1000.0000000000 0.0000000000 1985.9999999981 1000.0000000000 846.0000000000
14:40:28.328 1000.0000000000 1000.0000000000 0.0000000000 1997.9999999981 1000.0000000000 858.0000000000
14:40:28.359 1000.0000000000 1000.0000000000 0.0000000000 1997.9999999981 1000.0000000000 858.0000000000
14:40:28.390 1000.0000000000 1000.0000000000 0.0000000000 2012.9999999981 1000.0000000000 873.0000000000
14:40:28.421 1000.0000000000 1000.0000000000 0.0000000000 2005.9999999981 1000.0000000000 866.0000000000
14:40:28.453 1000.0000000000 1000.0000000000 0.0000000000 2005.9999999981 1000.0000000000 866.0000000000
14:40:28.484 1000.0000000000 1000.0000000000 0.0000000000 2006.9999999981 1000.0000000000 867.0000000000
14:40:28.515 1000.0000000000 1000.0000000000 0.0000000000 2015.9999999981 1000.0000000000 876.0000000000
14:40:28.546 1000.0000000000 1000.0000000000 0.0000000000 2005.9999999981 1000.0000000000 866.0000000000
14:40:28.578 1000.0000000000 1000.0000000000 0.0000000000 2005.9999999981 1000.0000000000 866.0000000000
14:40:28.609 1000.0000000000 1000.0000000000 0.0000000000 1999.9999999981 1000.0000000000 860.0000000000
14:40:28.640 1000.0000000000 1000.0000000000 0.0000000000 1993.9999999981 1000.0000000000 854.0000000000
14:40:28.671 1000.0000000000 1000.0000000000 0.0000000000 1993.9999999981 1000.0000000000 854.0000000000
14:40:28.703 1000.0000000000 1000.0000000000 0.0000000000 1989.9999999981 1000.0000000000 850.0000000000
14:40:28.734 1000.0000000000 1000.0000000000 0.0000000000 1986.9999999981 1000.0000000000 847.0000000000
14:40:28.765 1000.0000000000 1000.0000000000 0.0000000000 1986.9999999981 1000.0000000000 847.0000000000
14:40:28.796 1000.0000000000 1000.0000000000 0.0000000000 1989.9999999981 1000.0000000000 850.0000000000
14:40:28.828 1000.0000000000 1000.0000000000 0.0000000000 1989.9999999981 1000.0000000000 850.0000000000
14:40:28.859 1000.0000000000 1000.0000000000 0.0000000000 2007.9999999981 1000.0000000000 868.0000000000
14:40:28.890 1000.0000000000 1000.0000000000 0.0000000000 1989.9999999981 1000.0000000000 850.0000000000
14:40:28.921 1000.0000000000 1000.0000000000 0.0000000000 1983.9999999981 1000.0000000000 844.0000000000
14:40:28.953 1000.0000000000 1000.0000000000 0.0000000000 1989.9999999981 1000.0000000000 850.0000000000
14:40:28.984 1000.0000000000 1000.0000000000 0.0000000000 1996.9999999981 1000.0000000000 857.0000000000
14:40:29.015 1000.0000000000 1000.0000000000 0.0000000000 1987.9999999981 1000.0000000000 848.0000000000
14:40:29.046 1000.0000000000 1000.0000000000 0.0000000000 1996.9999999981 1000.0000000000 857.0000000000
14:40:29.078 1000.0000000000 1000.0000000000 0.0000000000 1996.9999999981 1000.0000000000 857.0000000000
14:40:29.109 1000.0000000000 1000.0000000000 0.0000000000 1996.9999999981 1000.0000000000 857.0000000000
14:40:29.140 1000.0000000000 1000.0000000000 0.0000000000 1996.9999999981 1000.0000000000 857.0000000000
14:40:29.171 1000.0000000000 1000.0000000000 0.0000000000 1994.9999999981 1000.0000000000 855.0000000000
14:40:29.203 1000.0000000000 1000.0000000000 0.0000000000 1991.9999999981 1000.0000000000 852.0000000000
14:40:29.234 1000.0000000000 1000.0000000000 0.0000000000 1991.9999999981 1000.0000000000 852.0000000000
14:40:29.265 1000.0000000000 1000.0000000000 0.0000000000 1975.9999999981 1000.0000000000 836.0000000000
14:40:29.296 1000.0000000000 1000.0000000000 0.0000000000 1975.9999999981 1000.0000000000 836.0000000000
14:40:29.328 1000.0000000000 1000.0000000000 0.0000000000 2003.9999999981 1000.0000000000 864.0000000000
14:40:29.359 1000.0000000000 1000.0000000000 0.0000000000 2005.9999999981 1000.0000000000 866.0000000000
14:40:29.390 1000.0000000000 1000.0000000000 0.0000000000 1981.9999999981 1000.0000000000 842.0000000000
14:40:29.421 1000.0000000000 1000.0000000000 0.0000000000 1995.9999999981 1000.0000000000 856.0000000000
14:40:29.453 1000.0000000000 1000.0000000000 0.0000000000 1995.9999999981 1000.0000000000 856.0000000000
14:40:29.484 1000.0000000000 1000.0000000000 0.0000000000 1995.9999999981 1000.0000000000 856.0000000000
14:40:29.515 1000.0000000000 1000.0000000000 0.0000000000 1995.9999999981 1000.0000000000 856.0000000000
14:40:29.546 1000.0000000000 1000.0000000000 0.0000000000 1993.9999999981 1000.0000000000 854.0000000000
14:40:29.578 1000.0000000000 1000.0000000000 0.0000000000 1992.9999999981 1000.0000000000 853.0000000000
14:40:29.609 1000.0000000000 1000.0000000000 0.0000000000 1992.9999999981 1000.0000000000 853.0000000000
14:40:29.640 1000.0000000000 1000.0000000000 0.0000000000 1991.9999999981 1000.0000000000 852.0000000000
14:40:29.671 1000.0000000000 1000.0000000000 0.0000000000 1991.9999999981 1000.0000000000 852.0000000000
14:40:29.703 1000.0000000000 1000.0000000000 0.0000000000 2002.9999999981 1000.0000000000 863.0000000000
14:40:29.734 1000.0000000000 1000.0000000000 0.0000000000 1996.9999999981 1000.0000000000 857.0000000000
14:40:29.765 1000.0000000000 1000.0000000000 0.0000000000 1996.9999999981 1000.0000000000 857.0000000000
14:40:29.796 1000.0000000000 1000.0000000000 0.0000000000 2010.9999999981 1000.0000000000 871.0000000000
14:40:29.828 1000.0000000000 1000.0000000000 0.0000000000 2024.9999999981 1000.0000000000 885.0000000000
14:40:29.859 1000.0000000000 1000.0000000000 0.0000000000 2003.9999999981 1000.0000000000 864.0000000000
14:40:29.890 1000.0000000000 1000.0000000000 0.0000000000 2007.9999999981 1000.0000000000 868.0000000000
14:40:29.921 1000.0000000000 1000.0000000000 0.0000000000 2005.9999999981 1000.0000000000 866.0000000000
14:40:29.953 1000.0000000000 1000.0000000000 0.0000000000 2004.9999999981 1000.0000000000 865.0000000000
14:40:29.984 1000.0000000000 1000.0000000000 0.0000000000 2004.9999999981 1000.0000000000 865.0000000000
14:40:30.015 1000.0000000000 1000.0000000000 0.0000000000 2004.9999999981 1000.0000000000 865.0000000000
14:40:30.046 1000.0000000000 1000.0000000000 0.0000000000 1999.9999999981 1000.0000000000 860.0000000000
14:40:30.078 1000.0000000000 1000.0000000000 0.0000000000 2000.9999999981 1000.0000000000 861.0000000000
14:40:30.109 1000.0000000000 1000.0000000000 0.0000000000 2001.9999999981 1000.0000000000 862.0000000000
14:40:30.140 1000.0000000000 1000.0000000000 0.0000000000 2001.9999999981 1000.0000000000 862.0000000000
14:40:30.171 1000.0000000000 1000.0000000000 0.0000000000 2001.9999999981 1000.0000000000 862.0000000000
14:40:30.203 1000.0000000000 1000.0000000000 0.0000000000 2007.9999999981 1000.0000000000 868.0000000000
14:40:30.234 1000.0000000000 1000.0000000000 0.0000000000 1985.9999999981 1000.0000000000 846.0000000000
14:40:30.281 1000.0000000000 1000.0000000000 0.0000000000 1994.9999999981 1000.0000000000 855.0000000000
14:40:30.296 1000.0000000000 1000.0000000000 0.0000000000 1992.9999999981 1000.0000000000 853.0000000000
14:40:30.328 1000.0000000000 1000.0000000000 0.0000000000 1992.9999999981 1000.0000000000 853.0000000000
14:40:30.359 1000.0000000000 1000.0000000000 0.0000000000 2013.9999999981 1000.0000000000 874.0000000000
14:40:30.390 1000.0000000000 1000.0000000000 0.0000000000 2002.9999999981 1000.0000000000 863.0000000000
14:40:30.421 1000.0000000000 1000.0000000000 0.0000000000 1992.9999999981 1000.0000000000 853.0000000000
14:40:30.453 1000.0000000000 1000.0000000000 0.0000000000 1994.9999999981 1000.0000000000 855.0000000000
14:40:30.484 1000.0000000000 1000.0000000000 0.0000000000 1992.9999999981 1000.0000000000 853.0000000000
14:40:30.515 1000.0000000000 1000.0000000000 0.0000000000 1992.9999999981 1000.0000000000 853.0000000000
14:40:30.546 1000.0000000000 1000.0000000000 0.0000000000 1992.9999999981 1000.0000000000 853.0000000000
14:40:30.578 1000.0000000000 1000.0000000000 0.0000000000 1992.9999999981 1000.0000000000 853.0000000000
14:40:30.609 1000.0000000000 1000.0000000000 0.0000000000 1992.9999999981 1000.0000000000 853.0000000000
14:40:30.640 1000.0000000000 1000.0000000000 0.0000000000 2032.9999999981 1000.0000000000 893.0000000000
14:40:30.671 1000.0000000000 1000.0000000000 0.0000000000 2008.9999999981 1000.0000000000 869.0000000000
14:40:30.703 1000.0000000000 1000.0000000000 0.0000000000 1992.9999999981 1000.0000000000 853.0000000000
14:40:30.734 1000.0000000000 1000.0000000000 0.0000000000 1992.9999999981 1000.0000000000 853.0000000000
14:40:30.765 1000.0000000000 1000.0000000000 0.0000000000 1997.9999999981 1000.0000000000 858.0000000000
14:40:30.796 1000.0000000000 1000.0000000000 0.0000000000 1997.9999999981 1000.0000000000 858.0000000000
14:40:30.828 1000.0000000000 1000.0000000000 0.0000000000 1997.9999999981 1000.0000000000 858.0000000000
14:40:30.859 1000.0000000000 1000.0000000000 0.0000000000 1997.9999999981 1000.0000000000 858.0000000000
14:40:30.890 1000.0000000000 1000.0000000000 0.0000000000 1997.9999999981 1000.0000000000 858.0000000000
14:40:30.921 1000.0000000000 1000.0000000000 0.0000000000 2002.9999999981 1000.0000000000 863.0000000000
14:40:30.953 1000.0000000000 1000.0000000000 0.0000000000 1997.9999999981 1000.0000000000 858.0000000000
14:40:30.984 1000.0000000000 1000.0000000000 0.0000000000 1997.9999999981 1000.0000000000 858.0000000000
14:40:31.015 1000.0000000000 1000.0000000000 0.0000000000 2004.9999999981 1000.0000000000 865.0000000000
14:40:31.046 1000.0000000000 1000.0000000000 0.0000000000 2004.9999999981 1000.0000000000 865.0000000000
14:40:31.078 1000.0000000000 1000.0000000000 0.0000000000 1997.9999999981 1000.0000000000 858.0000000000
14:40:31.109 1000.0000000000 1000.0000000000 0.0000000000 1997.9999999981 1000.0000000000 858.0000000000
14:40:31.140 1000.0000000000 1000.0000000000 0.0000000000 1996.9999999981 1000.0000000000 857.0000000000
14:40:31.171 1000.0000000000 1000.0000000000 0.0000000000 1996.9999999981 1000.0000000000 857.0000000000
14:40:31.203 1000.0000000000 1000.0000000000 0.0000000000 1997.9999999981 1000.0000000000 858.0000000000
14:40:31.234 1000.0000000000 1000.0000000000 0.0000000000 1999.9999999981 1000.0000000000 860.0000000000
14:40:31.265 1000.0000000000 1000.0000000000 0.0000000000 1996.9999999981 1000.0000000000 857.0000000000
14:40:31.296 1000.0000000000 1000.0000000000 0.0000000000 1996.9999999981 1000.0000000000 857.0000000000
14:40:31.328 1000.0000000000 1000.0000000000 0.0000000000 1990.9999999981 1000.0000000000 851.0000000000
14:40:31.359 1000.0000000000 1000.0000000000 0.0000000000 1985.9999999981 1000.0000000000 846.0000000000
14:40:31.390 1000.0000000000 1000.0000000000 0.0000000000 1986.9999999981 1000.0000000000 847.0000000000
14:40:31.421 1000.0000000000 1000.0000000000 0.0000000000 1990.9999999981 1000.0000000000 851.0000000000
14:40:31.453 1000.0000000000 1000.0000000000 0.0000000000 1985.9999999981 1000.0000000000 846.0000000000
14:40:31.484 1000.0000000000 1000.0000000000 0.0000000000 1987.9999999981 1000.0000000000 848.0000000000
14:40:31.515 1000.0000000000 1000.0000000000 0.0000000000 1990.9999999981 1000.0000000000 851.0000000000
14:40:31.546 1000.0000000000 1000.0000000000 0.0000000000 1990.9999999981 1000.0000000000 851.0000000000
14:40:31.578 1000.0000000000 1000.0000000000 0.0000000000 2019.9999999981 1000.0000000000 880.0000000000
14:40:31.609 1000.0000000000 1000.0000000000 0.0000000000 2015.9999999981 1000.0000000000 876.0000000000
14:40:31.640 1000.0000000000 1000.0000000000 0.0000000000 1999.9999999981 1000.0000000000 860.0000000000
14:40:31.671 1000.0000000000 1000.0000000000 0.0000000000 1999.9999999981 1000.0000000000 860.0000000000
14:40:31.703 1000.0000000000 1000.0000000000 0.0000000000 2012.9999999981 1000.0000000000 873.0000000000
14:40:31.734 1000.0000000000 1000.0000000000 0.0000000000 2005.9999999981 1000.0000000000 866.0000000000
14:40:31.765 1000.0000000000 1000.0000000000 0.0000000000 2008.9999999981 1000.0000000000 869.0000000000
14:40:31.796 1000.0000000000 1000.0000000000 0.0000000000 2005.9999999981 1000.0000000000 866.0000000000
14:40:31.828 1000.0000000000 1000.0000000000 0.0000000000 2000.9999999981 1000.0000000000 861.0000000000
14:40:31.859 1000.0000000000 1000.0000000000 0.0000000000 2000.9999999981 1000.0000000000 861.0000000000
14:40:31.890 1000.0000000000 1000.0000000000 0.0000000000 2002.9999999981 1000.0000000000 863.0000000000
14:40:31.921 1000.0000000000 1000.0000000000 0.0000000000 1999.9999999981 1000.0000000000 860.0000000000
14:40:31.953 1000.0000000000 1000.0000000000 0.0000000000 1999.9999999981 1000.0000000000 860.0000000000
14:40:31.984 1000.0000000000 1000.0000000000 0.0000000000 1999.9999999981 1000.0000000000 860.0000000000
14:40:32.015 1000.0000000000 1000.0000000000 0.0000000000 1991.9999999981 1000.0000000000 852.0000000000
14:40:32.046 1000.0000000000 1000.0000000000 0.0000000000 1991.9999999981 1000.0000000000 852.0000000000
