Тестовая информация 0. Исходные сенсорные данные: Time, X_rob, Y_rob, Ang_rob, X_obj, Y_obj, Distance (мм, град)
14:40:55.234 1000.0000000000 1000.0000000000 0.0000000000 2054.9999999981 1000.0000000000 915.0000000000
14:40:55.265 1000.0000000000 1000.0000000000 0.0000000000 2054.9999999981 1000.0000000000 915.0000000000
14:40:55.296 1000.0000000000 1000.0000000000 0.0000000000 2084.9999999981 1000.0000000000 945.0000000000
14:40:55.328 1000.0000000000 1000.0000000000 0.0000000000 2054.9999999981 1000.0000000000 915.0000000000
14:40:55.359 1000.0000000000 1000.0000000000 0.0000000000 2051.9999999981 1000.0000000000 912.0000000000
14:40:55.390 1000.0000000000 1000.0000000000 0.0000000000 2051.9999999981 1000.0000000000 912.0000000000
14:40:55.421 1000.0000000000 1000.0000000000 0.0000000000 2054.9999999981 1000.0000000000 915.0000000000
14:40:55.453 1000.0000000000 1000.0000000000 0.0000000000 2054.9999999981 1000.0000000000 915.0000000000
14:40:55.484 1000.0000000000 1000.0000000000 0.0000000000 2074.9999999981 1000.0000000000 935.0000000000
14:40:55.515 1000.0000000000 1000.0000000000 0.0000000000 2054.9999999981 1000.0000000000 915.0000000000
14:40:55.546 1000.0000000000 1000.0000000000 0.0000000000 2054.9999999981 1000.0000000000 915.0000000000
14:40:55.578 1000.0000000000 1000.0000000000 0.0000000000 2090.9999999981 1000.0000000000 951.0000000000
14:40:55.609 1000.0000000000 1000.0000000000 0.0000000000 2070.9999999981 1000.0000000000 931.0000000000
14:40:55.640 1000.0000000000 1000.0000000000 0.0000000000 2054.9999999981 1000.0000000000 915.0000000000
14:40:55.671 1000.0000000000 1000.0000000000 0.0000000000 2054.9999999981 1000.0000000000 915.0000000000
14:40:55.703 1000.0000000000 1000.0000000000 0.0000000000 2038.9999999981 1000.0000000000 899.0000000000
14:40:55.734 1000.0000000000 1000.0000000000 0.0000000000 2038.9999999981 1000.0000000000 899.0000000000
14:40:55.765 1000.0000000000 1000.0000000000 0.0000000000 2038.9999999981 1000.0000000000 899.0000000000
14:40:55.796 1000.0000000000 1000.0000000000 0.0000000000 2045.9999999981 1000.0000000000 906.0000000000
14:40:55.828 1000.0000000000 1000.0000000000 0.0000000000 2045.9999999981 1000.0000000000 906.0000000000
14:40:55.859 1000.0000000000 1000.0000000000 0.0000000000 2093.9999999981 1000.0000000000 954.0000000000
14:40:55.890 1000.0000000000 1000.0000000000 0.0000000000 2045.9999999981 1000.0000000000 906.0000000000
14:40:55.921 1000.0000000000 1000.0000000000 0.0000000000 2037.9999999981 1000.0000000000 898.0000000000
14:40:55.953 1000.0000000000 1000.0000000000 0.0000000000 2037.9999999981 1000.0000000000 898.0000000000
14:40:55.984 1000.0000000000 1000.0000000000 0.0000000000 2045.9999999981 1000.0000000000 906.0000000000
14:40:56.015 1000.0000000000 1000.0000000000 0.0000000000 2034.9999999981 1000.0000000000 895.0000000000
14:40:56.046 1000.0000000000 1000.0000000000 0.0000000000 2039.9999999981 1000.0000000000 900.0000000000
14:40:56.078 1000.0000000000 1000.0000000000 0.0000000000 2034.9999999981 1000.0000000000 895.0000000000
14:40:56.109 1000.0000000000 1000.0000000000 0.0000000000 2034.9999999981 1000.0000000000 895.0000000000
14:40:56.140 1000.0000000000 1000.0000000000 0.0000000000 2039.9999999981 1000.0000000000 900.0000000000
14:40:56.171 1000.0000000000 1000.0000000000 0.0000000000 2045.9999999981 1000.0000000000 906.0000000000
14:40:56.203 1000.0000000000 1000.0000000000 0.0000000000 2034.9999999981 1000.0000000000 895.0000000000
14:40:56.234 1000.0000000000 1000.0000000000 0.0000000000 2034.9999999981 1000.0000000000 895.0000000000
14:40:56.265 1000.0000000000 1000.0000000000 0.0000000000 2034.9999999981 1000.0000000000 895.0000000000
14:40:56.296 1000.0000000000 1000.0000000000 0.0000000000 2027.9999999981 1000.0000000000 888.0000000000
14:40:56.328 1000.0000000000 1000.0000000000 0.0000000000 2031.9999999981 1000.0000000000 892.0000000000
14:40:56.359 1000.0000000000 1000.0000000000 0.0000000000 2034.9999999981 1000.0000000000 895.0000000000
14:40:56.390 1000.0000000000 1000.0000000000 0.0000000000 2034.9999999981 1000.0000000000 895.0000000000
14:40:56.421 1000.0000000000 1000.0000000000 0.0000000000 2042.9999999981 1000.0000000000 903.0000000000
14:40:56.453 1000.0000000000 1000.0000000000 0.0000000000 2062.9999999981 1000.0000000000 923.0000000000
14:40:56.484 1000.0000000000 1000.0000000000 0.0000000000 2048.9999999981 1000.0000000000 909.0000000000
14:40:56.515 1000.0000000000 1000.0000000000 0.0000000000 2062.9999999981 1000.0000000000 923.0000000000
14:40:56.546 1000.0000000000 1000.0000000000 0.0000000000 2069.9999999981 1000.0000000000 930.0000000000
14:40:56.578 1000.0000000000 1000.0000000000 0.0000000000 2069.9999999981 1000.0000000000 930.0000000000
14:40:56.609 1000.0000000000 1000.0000000000 0.0000000000 2069.9999999981 1000.0000000000 930.0000000000
14:40:56.640 1000.0000000000 1000.0000000000 0.0000000000 2067.9999999981 1000.0000000000 928.0000000000
14:40:56.671 1000.0000000000 1000.0000000000 0.0000000000 2063.9999999981 1000.0000000000 924.0000000000
14:40:56.703 1000.0000000000 1000.0000000000 0.0000000000 2067.9999999981 1000.0000000000 928.0000000000
14:40:56.734 1000.0000000000 1000.0000000000 0.0000000000 2063.9999999981 1000.0000000000 924.0000000000
14:40:56.765 1000.0000000000 1000.0000000000 0.0000000000 2043.9999999981 1000.0000000000 904.0000000000
14:40:56.796 1000.0000000000 1000.0000000000 0.0000000000 2043.9999999981 1000.0000000000 904.0000000000
14:40:56.828 1000.0000000000 1000.0000000000 0.0000000000 2040.9999999981 1000.0000000000 901.0000000000
14:40:56.859 1000.0000000000 1000.0000000000 0.0000000000 2034.9999999981 1000.0000000000 895.0000000000
14:40:56.890 1000.0000000000 1000.0000000000 0.0000000000 2040.9999999981 1000.0000000000 901.0000000000
14:40:56.921 1000.0000000000 1000.0000000000 0.0000000000 2058.9999999981 1000.0000000000 919.0000000000
14:40:56.953 1000.0000000000 1000.0000000000 0.0000000000 2058.9999999981 1000.0000000000 919.0000000000
14:40:56.984 1000.0000000000 1000.0000000000 0.0000000000 2059.9999999981 1000.0000000000 920.0000000000
14:40:57.015 1000.0000000000 1000.0000000000 0.0000000000 2058.9999999981 1000.0000000000 919.0000000000
14:40:57.046 1000.0000000000 1000.0000000000 0.0000000000 2047.9999999981 1000.0000000000 908.0000000000
14:40:57.078 1000.0000000000 1000.0000000000 0.0000000000 2058.9999999981 1000.0000000000 919.0000000000
14:40:57.109 1000.0000000000 1000.0000000000 0.0000000000 2074.9999999981 1000.0000000000 935.0000000000
14:40:57.140 1000.0000000000 1000.0000000000 0.0000000000 2054.9999999981 1000.0000000000 915.0000000000
14:40:57.171 1000.0000000000 1000.0000000000 0.0000000000 2054.9999999981 1000.0000000000 915.0000000000
14:40:57.203 1000.0000000000 1000.0000000000 0.0000000000 2034.9999999981 1000.0000000000 895.0000000000
14:40:57.234 1000.0000000000 1000.0000000000 0.0000000000 2031.9999999981 1000.0000000000 892.0000000000
14:40:57.265 1000.0000000000 1000.0000000000 0.0000000000 2034.9999999981 1000.0000000000 895.0000000000
14:40:57.296 1000.0000000000 1000.0000000000 0.0000000000 2034.9999999981 1000.0000000000 895.0000000000
14:40:57.328 1000.0000000000 1000.0000000000 0.0000000000 2034.9999999981 1000.0000000000 895.0000000000
14:40:57.359 1000.0000000000 1000.0000000000 0.0000000000 2039.9999999981 1000.0000000000 900.0000000000
14:40:57.390 1000.0000000000 1000.0000000000 0.0000000000 2052.9999999981 1000.0000000000 913.0000000000
14:40:57.421 1000.0000000000 1000.0000000000 0.0000000000 2052.9999999981 1000.0000000000 913.0000000000
14:40:57.453 1000.0000000000 1000.0000000000 0.0000000000 2060.9999999981 1000.0000000000 921.0000000000
14:40:57.484 1000.0000000000 1000.0000000000 0.0000000000 2064.9999999981 1000.0000000000 925.0000000000
14:40:57.515 1000.0000000000 1000.0000000000 0.0000000000 2052.9999999981 1000.0000000000 913.0000000000
14:40:57.546 1000.0000000000 1000.0000000000 0.0000000000 2052.9999999981 1000.0000000000 913.0000000000
14:40:57.578 1000.0000000000 1000.0000000000 0.0000000000 2046.9999999981 1000.0000000000 907.0000000000
14:40:57.609 1000.0000000000 1000.0000000000 0.0000000000 2037.9999999981 1000.0000000000 898.0000000000
14:40:57.640 1000.0000000000 1000.0000000000 0.0000000000 2046.9999999981 1000.0000000000 907.0000000000
14:40:57.671 1000.0000000000 1000.0000000000 0.0000000000 2074.9999999981 1000.0000000000 935.0000000000
14:40:57.703 1000.0000000000 1000.0000000000 0.0000000000 2037.9999999981 1000.0000000000 898.0000000000
14:40:57.734 1000.0000000000 1000.0000000000 0.0000000000 2074.9999999981 1000.0000000000 935.0000000000
14:40:57.765 1000.0000000000 1000.0000000000 0.0000000000 2046.9999999981 1000.0000000000 907.0000000000
14:40:57.796 1000.0000000000 1000.0000000000 0.0000000000 2046.9999999981 1000.0000000000 907.0000000000
14:40:57.828 1000.0000000000 1000.0000000000 0.0000000000 2054.9999999981 1000.0000000000 915.0000000000
14:40:57.859 1000.0000000000 1000.0000000000 0.0000000000 2051.9999999981 1000.0000000000 912.0000000000
14:40:57.890 1000.0000000000 1000.0000000000 0.0000000000 2046.9999999981 1000.0000000000 907.0000000000
14:40:57.921 1000.0000000000 1000.0000000000 0.0000000000 2051.9999999981 1000.0000000000 912.0000000000
14:40:57.953 1000.0000000000 1000.0000000000 0.0000000000 2073.9999999981 1000.0000000000 934.0000000000
14:40:57.984 1000.0000000000 1000.0000000000 0.0000000000 2071.9999999981 1000.0000000000 932.0000000000
14:40:58.015 1000.0000000000 1000.0000000000 0.0000000000 2071.9999999981 1000.0000000000 932.0000000000
14:40:58.046 1000.0000000000 1000.0000000000 0.0000000000 2073.9999999981 1000.0000000000 934.0000000000
14:40:58.078 1000.0000000000 1000.0000000000 0.0000000000 2059.9999999981 1000.0000000000 920.0000000000
14:40:58.109 1000.0000000000 1000.0000000000 0.0000000000 2059.9999999981 1000.0000000000 920.0000000000
14:40:58.140 1000.0000000000 1000.0000000000 0.0000000000 2054.9999999981 1000.0000000000 915.0000000000
14:40:58.171 1000.0000000000 1000.0000000000 0.0000000000 2048.9999999981 1000.0000000000 909.0000000000
14:40:58.203 1000.0000000000 1000.0000000000 0.0000000000 2054.9999999981 1000.0000000000 915.0000000000
14:40:58.234 1000.0000000000 1000.0000000000 0.0000000000 2069.9999999981 1000.0000000000 930.0000000000
14:40:58.265 1000.0000000000 1000.0000000000 0.0000000000 2068.9999999981 1000.0000000000 929.0000000000
14:40:58.296 1000.0000000000 1000.0000000000 0.0000000000 2069.9999999981 1000.0000000000 930.0000000000
14:40:58.328 1000.0000000000 1000.0000000000 0.0000000000 2074.9999999981 1000.0000000000 935.0000000000
14:40:58.359 1000.0000000000 1000.0000000000 0.0000000000 2074.9999999981 1000.0000000000 935.0000000000
14:40:58.390 1000.0000000000 1000.0000000000 0.0000000000 2128.9999999981 1000.0000000000 989.0000000000
14:40:58.421 1000.0000000000 1000.0000000000 0.0000000000 2106.9999999981 1000.0000000000 967.0000000000
14:40:58.453 1000.0000000000 1000.0000000000 0.0000000000 2084.9999999981 1000.0000000000 945.0000000000
14:40:58.484 1000.0000000000 1000.0000000000 0.0000000000 2084.9999999981 1000.0000000000 945.0000000000
14:40:58.515 1000.0000000000 1000.0000000000 0.0000000000 2091.9999999981 1000.0000000000 952.0000000000
14:40:58.546 1000.0000000000 1000.0000000000 0.0000000000 2071.9999999981 1000.0000000000 932.0000000000
14:40:58.578 1000.0000000000 1000.0000000000 0.0000000000 2071.9999999981 1000.0000000000 932.0000000000
14:40:58.609 1000.0000000000 1000.0000000000 0.0000000000 2091.9999999981 1000.0000000000 952.0000000000
14:40:58.640 1000.0000000000 1000.0000000000 0.0000000000 2091.9999999981 1000.0000000000 952.0000000000
14:40:58.671 1000.0000000000 1000.0000000000 0.0000000000 2091.9999999981 1000.0000000000 952.0000000000
14:40:58.703 1000.0000000000 1000.0000000000 0.0000000000 2042.9999999981 1000.0000000000 903.0000000000
14:40:58.734 1000.0000000000 1000.0000000000 0.0000000000 2037.9999999981 1000.0000000000 898.0000000000
14:40:58.765 1000.0000000000 1000.0000000000 0.0000000000 2042.9999999981 1000.0000000000 903.0000000000
14:40:58.796 1000.0000000000 1000.0000000000 0.0000000000 2037.9999999981 1000.0000000000 898.0000000000
14:40:58.828 1000.0000000000 1000.0000000000 0.0000000000 2037.9999999981 1000.0000000000 898.0000000000
14:40:58.859 1000.0000000000 1000.0000000000 0.0000000000 2037.9999999981 1000.0000000000 898.0000000000
14:40:58.890 1000.0000000000 1000.0000000000 0.0000000000 2062.9999999981 1000.0000000000 923.0000000000
14:40:58.921 1000.0000000000 1000.0000000000 0.0000000000 2062.9999999981 1000.0000000000 923.0000000000
14:40:58.953 1000.0000000000 1000.0000000000 0.0000000000 2076.9999999981 1000.0000000000 937.0000000000
14:40:58.984 1000.0000000000 1000.0000000000 0.0000000000 2062.9999999981 1000.0000000000 923.0000000000
14:40:59.015 1000.0000000000 1000.0000000000 0.0000000000 2027.9999999981 1000.0000000000 888.0000000000
14:40:59.046 1000.0000000000 1000.0000000000 0.0000000000 2027.9999999981 1000.0000000000 888.0000000000
14:40:59.078 1000.0000000000 1000.0000000000 0.0000000000 2023.9999999981 1000.0000000000 884.0000000000
14:40:59.109 1000.0000000000 1000.0000000000 0.0000000000 2018.9999999981 1000.0000000000 879.0000000000
14:40:59.140 1000.0000000000 1000.0000000000 0.0000000000 2023.9999999981 1000.0000000000 884.0000000000
14:40:59.171 1000.0000000000 1000.0000000000 0.0000000000 2054.9999999981 1000.0000000000 915.0000000000
14:40:59.203 1000.0000000000 1000.0000000000 0.0000000000 2054.9999999981 1000.0000000000 915.0000000000
14:40:59.234 1000.0000000000 1000.0000000000 0.0000000000 2059.9999999981 1000.0000000000 920.0000000000
14:40:59.265 1000.0000000000 1000.0000000000 0.0000000000 2054.9999999981 1000.0000000000 915.0000000000
14:40:59.296 1000.0000000000 1000.0000000000 0.0000000000 2054.9999999981 1000.0000000000 915.0000000000
14:40:59.328 1000.0000000000 1000.0000000000 0.0000000000 2054.9999999981 1000.0000000000 915.0000000000
14:40:59.359 1000.0000000000 1000.0000000000 0.0000000000 2043.9999999981 1000.0000000000 904.0000000000
14:40:59.390 1000.0000000000 1000.0000000000 0.0000000000 2037.9999999981 1000.0000000000 898.0000000000
14:40:59.421 1000.0000000000 1000.0000000000 0.0000000000 2043.9999999981 1000.0000000000 904.0000000000
14:40:59.453 1000.0000000000 1000.0000000000 0.0000000000 2049.9999999981 1000.0000000000 910.0000000000
14:40:59.484 1000.0000000000 1000.0000000000 0.0000000000 2049.9999999981 1000.0000000000 910.0000000000
14:40:59.515 1000.0000000000 1000.0000000000 0.0000000000 2049.9999999981 1000.0000000000 910.0000000000
14:40:59.546 1000.0000000000 1000.0000000000 0.0000000000 2036.9999999981 1000.0000000000 897.0000000000
14:40:59.578 1000.0000000000 1000.0000000000 0.0000000000 2036.9999999981 1000.0000000000 897.0000000000
14:40:59.609 1000.0000000000 1000.0000000000 0.0000000000 2062.9999999981 1000.0000000000 923.0000000000
14:40:59.640 1000.0000000000 1000.0000000000 0.0000000000 2036.9999999981 1000.0000000000 897.0000000000
14:40:59.671 1000.0000000000 1000.0000000000 0.0000000000 2036.9999999981 1000.0000000000 897.0000000000
14:40:59.703 1000.0000000000 1000.0000000000 0.0000000000 2048.9999999981 1000.0000000000 909.0000000000
14:40:59.734 1000.0000000000 1000.0000000000 0.0000000000 2049.9999999981 1000.0000000000 910.0000000000
14:40:59.765 1000.0000000000 1000.0000000000 0.0000000000 2049.9999999981 1000.0000000000 910.0000000000
14:40:59.796 1000.0000000000 1000.0000000000 0.0000000000 2079.9999999981 1000.0000000000 940.0000000000
14:40:59.828 1000.0000000000 1000.0000000000 0.0000000000 2049.9999999981 1000.0000000000 910.0000000000
14:40:59.859 1000.0000000000 1000.0000000000 0.0000000000 2049.9999999981 1000.0000000000 910.0000000000
14:40:59.890 1000.0000000000 1000.0000000000 0.0000000000 2049.9999999981 1000.0000000000 910.0000000000
14:40:59.921 1000.0000000000 1000.0000000000 0.0000000000 2046.9999999981 1000.0000000000 907.0000000000
14:40:59.953 1000.0000000000 1000.0000000000 0.0000000000 2040.9999999981 1000.0000000000 901.0000000000
14:40:59.984 1000.0000000000 1000.0000000000 0.0000000000 2040.9999999981 1000.0000000000 901.0000000000
14:41:00.015 1000.0000000000 1000.0000000000 0.0000000000 2036.9999999981 1000.0000000000 897.0000000000
14:41:00.046 1000.0000000000 1000.0000000000 0.0000000000 2036.9999999981 1000.0000000000 897.0000000000
14:41:00.078 1000.0000000000 1000.0000000000 0.0000000000 2051.9999999981 1000.0000000000 912.0000000000
14:41:00.109 1000.0000000000 1000.0000000000 0.0000000000 2053.9999999981 1000.0000000000 914.0000000000
14:41:00.140 1000.0000000000 1000.0000000000 0.0000000000 2053.9999999981 1000.0000000000 914.0000000000
14:41:00.171 1000.0000000000 1000.0000000000 0.0000000000 2053.9999999981 1000.0000000000 914.0000000000
14:41:00.203 1000.0000000000 1000.0000000000 0.0000000000 2069.9999999981 1000.0000000000 930.0000000000
14:41:00.234 1000.0000000000 1000.0000000000 0.0000000000 2053.9999999981 1000.0000000000 914.0000000000
14:41:00.265 1000.0000000000 1000.0000000000 0.0000000000 2053.9999999981 1000.0000000000 914.0000000000
14:41:00.296 1000.0000000000 1000.0000000000 0.0000000000 2039.9999999981 1000.0000000000 900.0000000000
14:41:00.328 1000.0000000000 1000.0000000000 0.0000000000 2039.9999999981 1000.0000000000 900.0000000000
14:41:00.359 1000.0000000000 1000.0000000000 0.0000000000 2069.9999999981 1000.0000000000 930.0000000000
14:41:00.390 1000.0000000000 1000.0000000000 0.0000000000 2076.9999999981 1000.0000000000 937.0000000000
14:41:00.421 1000.0000000000 1000.0000000000 0.0000000000 2068.9999999981 1000.0000000000 929.0000000000
14:41:00.453 1000.0000000000 1000.0000000000 0.0000000000 2074.9999999981 1000.0000000000 935.0000000000
14:41:00.484 1000.0000000000 1000.0000000000 0.0000000000 2068.9999999981 1000.0000000000 929.0000000000
14:41:00.515 1000.0000000000 1000.0000000000 0.0000000000 2035.9999999981 1000.0000000000 896.0000000000
14:41:00.546 1000.0000000000 1000.0000000000 0.0000000000 2035.9999999981 1000.0000000000 896.0000000000
14:41:00.578 1000.0000000000 1000.0000000000 0.0000000000 2046.9999999981 1000.0000000000 907.0000000000
14:41:00.609 1000.0000000000 1000.0000000000 0.0000000000 2031.9999999981 1000.0000000000 892.0000000000
14:41:00.640 1000.0000000000 1000.0000000000 0.0000000000 2046.9999999981 1000.0000000000 907.0000000000
14:41:00.671 1000.0000000000 1000.0000000000 0.0000000000 2031.9999999981 1000.0000000000 892.0000000000
14:41:00.703 1000.0000000000 1000.0000000000 0.0000000000 2031.9999999981 1000.0000000000 892.0000000000
14:41:00.734 1000.0000000000 1000.0000000000 0.0000000000 2056.9999999981 1000.0000000000 917.0000000000
14:41:00.765 1000.0000000000 1000.0000000000 0.0000000000 2053.9999999981 1000.0000000000 914.0000000000
14:41:00.796 1000.0000000000 1000.0000000000 0.0000000000 2032.9999999981 1000.0000000000 893.0000000000
14:41:00.828 1000.0000000000 1000.0000000000 0.0000000000 2039.9999999981 1000.0000000000 900.0000000000
14:41:00.859 1000.0000000000 1000.0000000000 0.0000000000 2053.9999999981 1000.0000000000 914.0000000000
14:41:00.890 1000.0000000000 1000.0000000000 0.0000000000 2053.9999999981 1000.0000000000 914.0000000000
14:41:00.921 1000.0000000000 1000.0000000000 0.0000000000 2053.9999999981 1000.0000000000 914.0000000000
14:41:00.953 1000.0000000000 1000.0000000000 0.0000000000 2052.9999999981 1000.0000000000 913.0000000000
14:41:00.984 1000.0000000000 1000.0000000000 0.0000000000 2046.9999999981 1000.0000000000 907.0000000000
14:41:01.015 1000.0000000000 1000.0000000000 0.0000000000 2052.9999999981 1000.0000000000 913.0000000000
14:41:01.046 1000.0000000000 1000.0000000000 0.0000000000 2046.9999999981 1000.0000000000 907.0000000000
14:41:01.078 1000.0000000000 1000.0000000000 0.0000000000 2046.9999999981 1000.0000000000 907.0000000000
14:41:01.109 1000.0000000000 1000.0000000000 0.0000000000 2049.9999999981 1000.0000000000 910.0000000000
14:41:01.140 1000.0000000000 1000.0000000000 0.0000000000 2048.9999999981 1000.0000000000 909.0000000000
14:41:01.171 1000.0000000000 1000.0000000000 0.0000000000 2047.9999999981 1000.0000000000 908.0000000000
14:41:01.203 1000.0000000000 1000.0000000000 0.0000000000 2047.9999999981 1000.0000000000 908.0000000000
14:41:01.234 1000.0000000000 1000.0000000000 0.0000000000 2041.9999999981 1000.0000000000 902.0000000000
14:41:01.265 1000.0000000000 1000.0000000000 0.0000000000 2041.9999999981 1000.0000000000 902.0000000000
14:41:01.296 1000.0000000000 1000.0000000000 0.0000000000 2059.9999999981 1000.0000000000 920.0000000000
14:41:01.328 1000.0000000000 1000.0000000000 0.0000000000 2041.9999999981 1000.0000000000 902.0000000000
14:41:01.359 1000.0000000000 1000.0000000000 0.0000000000 2041.9999999981 1000.0000000000 902.0000000000
14:41:01.390 1000.0000000000 1000.0000000000 0.0000000000 2043.9999999981 1000.0000000000 904.0000000000
14:41:01.421 1000.0000000000 1000.0000000000 0.0000000000 2051.9999999981 1000.0000000000 912.0000000000
14:41:01.453 1000.0000000000 1000.0000000000 0.0000000000 2041.9999999981 1000.0000000000 902.0000000000
14:41:01.484 1000.0000000000 1000.0000000000 0.0000000000 2043.9999999981 1000.0000000000 904.0000000000
14:41:01.515 1000.0000000000 1000.0000000000 0.0000000000 2041.9999999981 1000.0000000000 902.0000000000
14:41:01.546 1000.0000000000 1000.0000000000 0.0000000000 2041.9999999981 1000.0000000000 902.0000000000
14:41:01.578 1000.0000000000 1000.0000000000 0.0000000000 2078.9999999981 1000.0000000000 939.0000000000
14:41:01.609 1000.0000000000 1000.0000000000 0.0000000000 2069.9999999981 1000.0000000000 930.0000000000
14:41:01.640 1000.0000000000 1000.0000000000 0.0000000000 2041.9999999981 1000.0000000000 902.0000000000
14:41:01.671 1000.0000000000 1000.0000000000 0.0000000000 2041.9999999981 1000.0000000000 902.0000000000
14:41:01.703 1000.0000000000 1000.0000000000 0.0000000000 2046.9999999981 1000.0000000000 907.0000000000
14:41:01.734 1000.0000000000 1000.0000000000 0.0000000000 2043.9999999981 1000.0000000000 904.0000000000
14:41:01.765 1000.0000000000 1000.0000000000 0.0000000000 2043.9999999981 1000.0000000000 904.0000000000
14:41:01.796 1000.0000000000 1000.0000000000 0.0000000000 2036.9999999981 1000.0000000000 897.0000000000
14:41:01.828 1000.0000000000 1000.0000000000 0.0000000000 2031.9999999981 1000.0000000000 892.0000000000
14:41:01.859 1000.0000000000 1000.0000000000 0.0000000000 2035.9999999981 1000.0000000000 896.0000000000
14:41:01.890 1000.0000000000 1000.0000000000 0.0000000000 2031.9999999981 1000.0000000000 892.0000000000
14:41:01.921 1000.0000000000 1000.0000000000 0.0000000000 2031.9999999981 1000.0000000000 892.0000000000
14:41:01.953 1000.0000000000 1000.0000000000 0.0000000000 2031.9999999981 1000.0000000000 892.0000000000
14:41:01.984 1000.0000000000 1000.0000000000 0.0000000000 2035.9999999981 1000.0000000000 896.0000000000
14:41:02.015 1000.0000000000 1000.0000000000 0.0000000000 2034.9999999981 1000.0000000000 895.0000000000
14:41:02.046 1000.0000000000 1000.0000000000 0.0000000000 2035.9999999981 1000.0000000000 896.0000000000
14:41:02.078 1000.0000000000 1000.0000000000 0.0000000000 2042.9999999981 1000.0000000000 903.0000000000
14:41:02.109 1000.0000000000 1000.0000000000 0.0000000000 2034.9999999981 1000.0000000000 895.0000000000
14:41:02.140 1000.0000000000 1000.0000000000 0.0000000000 2034.9999999981 1000.0000000000 895.0000000000
14:41:02.171 1000.0000000000 1000.0000000000 0.0000000000 2033.9999999981 1000.0000000000 894.0000000000
14:41:02.203 1000.0000000000 1000.0000000000 0.0000000000 2033.9999999981 1000.0000000000 894.0000000000
14:41:02.234 1000.0000000000 1000.0000000000 0.0000000000 2046.9999999981 1000.0000000000 907.0000000000
14:41:02.265 1000.0000000000 1000.0000000000 0.0000000000 2051.9999999981 1000.0000000000 912.0000000000
14:41:02.296 1000.0000000000 1000.0000000000 0.0000000000 2051.9999999981 1000.0000000000 912.0000000000
14:41:02.328 1000.0000000000 1000.0000000000 0.0000000000 2051.9999999981 1000.0000000000 912.0000000000
14:41:02.359 1000.0000000000 1000.0000000000 0.0000000000 2046.9999999981 1000.0000000000 907.0000000000
14:41:02.390 1000.0000000000 1000.0000000000 0.0000000000 2040.9999999981 1000.0000000000 901.0000000000
14:41:02.421 1000.0000000000 1000.0000000000 0.0000000000 2040.9999999981 1000.0000000000 901.0000000000
14:41:02.453 1000.0000000000 1000.0000000000 0.0000000000 2046.9999999981 1000.0000000000 907.0000000000
14:41:02.484 1000.0000000000 1000.0000000000 0.0000000000 2030.9999999981 1000.0000000000 891.0000000000
14:41:02.515 1000.0000000000 1000.0000000000 0.0000000000 2046.9999999981 1000.0000000000 907.0000000000
14:41:02.546 1000.0000000000 1000.0000000000 0.0000000000 2045.9999999981 1000.0000000000 906.0000000000
14:41:02.578 1000.0000000000 1000.0000000000 0.0000000000 2045.9999999981 1000.0000000000 906.0000000000
14:41:02.609 1000.0000000000 1000.0000000000 0.0000000000 2045.9999999981 1000.0000000000 906.0000000000
14:41:02.640 1000.0000000000 1000.0000000000 0.0000000000 2048.9999999981 1000.0000000000 909.0000000000
14:41:02.671 1000.0000000000 1000.0000000000 0.0000000000 2045.9999999981 1000.0000000000 906.0000000000
14:41:02.703 1000.0000000000 1000.0000000000 0.0000000000 2045.9999999981 1000.0000000000 906.0000000000
14:41:02.734 1000.0000000000 1000.0000000000 0.0000000000 2048.9999999981 1000.0000000000 909.0000000000
14:41:02.765 1000.0000000000 1000.0000000000 0.0000000000 2048.9999999981 1000.0000000000 909.0000000000
14:41:02.796 1000.0000000000 1000.0000000000 0.0000000000 2054.9999999981 1000.0000000000 915.0000000000
14:41:02.828 1000.0000000000 1000.0000000000 0.0000000000 2054.9999999981 1000.0000000000 915.0000000000
14:41:02.859 1000.0000000000 1000.0000000000 0.0000000000 2048.9999999981 1000.0000000000 909.0000000000
14:41:02.890 1000.0000000000 1000.0000000000 0.0000000000 2054.9999999981 1000.0000000000 915.0000000000
14:41:02.921 1000.0000000000 1000.0000000000 0.0000000000 2059.9999999981 1000.0000000000 920.0000000000
14:41:02.953 1000.0000000000 1000.0000000000 0.0000000000 2048.9999999981 1000.0000000000 909.0000000000
14:41:02.984 1000.0000000000 1000.0000000000 0.0000000000 2048.9999999981 1000.0000000000 909.0000000000
14:41:03.015 1000.0000000000 1000.0000000000 0.0000000000 2045.9999999981 1000.0000000000 906.0000000000
14:41:03.046 1000.0000000000 1000.0000000000 0.0000000000 2045.9999999981 1000.0000000000 906.0000000000
14:41:03.078 1000.0000000000 1000.0000000000 0.0000000000 2056.9999999981 1000.0000000000 917.0000000000
14:41:03.109 1000.0000000000 1000.0000000000 0.0000000000 2060.9999999981 1000.0000000000 921.0000000000
14:41:03.140 1000.0000000000 1000.0000000000 0.0000000000 2060.9999999981 1000.0000000000 921.0000000000
14:41:03.171 1000.0000000000 1000.0000000000 0.0000000000 2060.9999999981 1000.0000000000 921.0000000000
14:41:03.203 1000.0000000000 1000.0000000000 0.0000000000 2057.9999999981 1000.0000000000 918.0000000000
14:41:03.234 1000.0000000000 1000.0000000000 0.0000000000 2052.9999999981 1000.0000000000 913.0000000000
14:41:03.265 1000.0000000000 1000.0000000000 0.0000000000 2052.9999999981 1000.0000000000 913.0000000000
14:41:03.296 1000.0000000000 1000.0000000000 0.0000000000 2057.9999999981 1000.0000000000 918.0000000000
14:41:03.328 1000.0000000000 1000.0000000000 0.0000000000 2057.9999999981 1000.0000000000 918.0000000000
14:41:03.359 1000.0000000000 1000.0000000000 0.0000000000 2059.9999999981 1000.0000000000 920.0000000000
14:41:03.390 1000.0000000000 1000.0000000000 0.0000000000 2057.9999999981 1000.0000000000 918.0000000000
14:41:03.421 1000.0000000000 1000.0000000000 0.0000000000 2056.9999999981 1000.0000000000 917.0000000000
14:41:03.453 1000.0000000000 1000.0000000000 0.0000000000 2056.9999999981 1000.0000000000 917.0000000000
14:41:03.484 1000.0000000000 1000.0000000000 0.0000000000 2053.9999999981 1000.0000000000 914.0000000000
14:41:03.515 1000.0000000000 1000.0000000000 0.0000000000 2034.9999999981 1000.0000000000 895.0000000000
14:41:03.546 1000.0000000000 1000.0000000000 0.0000000000 2040.9999999981 1000.0000000000 901.0000000000
14:41:03.578 1000.0000000000 1000.0000000000 0.0000000000 2034.9999999981 1000.0000000000 895.0000000000
14:41:03.609 1000.0000000000 1000.0000000000 0.0000000000 2029.9999999981 1000.0000000000 890.0000000000
14:41:03.640 1000.0000000000 1000.0000000000 0.0000000000 2034.9999999981 1000.0000000000 895.0000000000
14:41:03.671 1000.0000000000 1000.0000000000 0.0000000000 2112.9999999981 1000.0000000000 973.0000000000
14:41:03.703 1000.0000000000 1000.0000000000 0.0000000000 2070.9999999981 1000.0000000000 931.0000000000
14:41:03.734 1000.0000000000 1000.0000000000 0.0000000000 2070.9999999981 1000.0000000000 931.0000000000
14:41:03.765 1000.0000000000 1000.0000000000 0.0000000000 2058.9999999981 1000.0000000000 919.0000000000
14:41:03.796 1000.0000000000 1000.0000000000 0.0000000000 2058.9999999981 1000.0000000000 919.0000000000
14:41:03.828 1000.0000000000 1000.0000000000 0.0000000000 2058.9999999981 1000.0000000000 919.0000000000
14:41:03.859 1000.0000000000 1000.0000000000 0.0000000000 2057.9999999981 1000.0000000000 918.0000000000
14:41:03.890 1000.0000000000 1000.0000000000 0.0000000000 2041.9999999981 1000.0000000000 902.0000000000
14:41:03.921 1000.0000000000 1000.0000000000 0.0000000000 2041.9999999981 1000.0000000000 902.0000000000
14:41:03.953 1000.0000000000 1000.0000000000 0.0000000000 2035.9999999981 1000.0000000000 896.0000000000
14:41:03.984 1000.0000000000 1000.0000000000 0.0000000000 2035.9999999981 1000.0000000000 896.0000000000
14:41:04.015 1000.0000000000 1000.0000000000 0.0000000000 2039.9999999981 1000.0000000000 900.0000000000
14:41:04.046 1000.0000000000 1000.0000000000 0.0000000000 2048.9999999981 1000.0000000000 909.0000000000
14:41:04.078 1000.0000000000 1000.0000000000 0.0000000000 2048.9999999981 1000.0000000000 909.0000000000
14:41:04.109 1000.0000000000 1000.0000000000 0.0000000000 2048.9999999981 1000.0000000000 909.0000000000
14:41:04.140 1000.0000000000 1000.0000000000 0.0000000000 2060.9999999981 1000.0000000000 921.0000000000
14:41:04.171 1000.0000000000 1000.0000000000 0.0000000000 2048.9999999981 1000.0000000000 909.0000000000
14:41:04.203 1000.0000000000 1000.0000000000 0.0000000000 2060.9999999981 1000.0000000000 921.0000000000
14:41:04.234 1000.0000000000 1000.0000000000 0.0000000000 2073.9999999981 1000.0000000000 934.0000000000
14:41:04.265 1000.0000000000 1000.0000000000 0.0000000000 2059.9999999981 1000.0000000000 920.0000000000
14:41:04.296 1000.0000000000 1000.0000000000 0.0000000000 2059.9999999981 1000.0000000000 920.0000000000
14:41:04.328 1000.0000000000 1000.0000000000 0.0000000000 2073.9999999981 1000.0000000000 934.0000000000
14:41:04.359 1000.0000000000 1000.0000000000 0.0000000000 2042.9999999981 1000.0000000000 903.0000000000
14:41:04.390 1000.0000000000 1000.0000000000 0.0000000000 2043.9999999981 1000.0000000000 904.0000000000
14:41:04.421 1000.0000000000 1000.0000000000 0.0000000000 2042.9999999981 1000.0000000000 903.0000000000
14:41:04.453 1000.0000000000 1000.0000000000 0.0000000000 2042.9999999981 1000.0000000000 903.0000000000
14:41:04.484 1000.0000000000 1000.0000000000 0.0000000000 2042.9999999981 1000.0000000000 903.0000000000
14:41:04.515 1000.0000000000 1000.0000000000 0.0000000000 2042.9999999981 1000.0000000000 903.0000000000
14:41:04.546 1000.0000000000 1000.0000000000 0.0000000000 2033.9999999981 1000.0000000000 894.0000000000
14:41:04.578 1000.0000000000 1000.0000000000 0.0000000000 2034.9999999981 1000.0000000000 895.0000000000
14:41:04.609 1000.0000000000 1000.0000000000 0.0000000000 2042.9999999981 1000.0000000000 903.0000000000
14:41:04.640 1000.0000000000 1000.0000000000 0.0000000000 2042.9999999981 1000.0000000000 903.0000000000
14:41:04.671 1000.0000000000 1000.0000000000 0.0000000000 2053.9999999981 1000.0000000000 914.0000000000
14:41:04.703 1000.0000000000 1000.0000000000 0.0000000000 2046.9999999981 1000.0000000000 907.0000000000
14:41:04.734 1000.0000000000 1000.0000000000 0.0000000000 2046.9999999981 1000.0000000000 907.0000000000
14:41:04.765 1000.0000000000 1000.0000000000 0.0000000000 2104.9999999981 1000.0000000000 965.0000000000
14:41:04.796 1000.0000000000 1000.0000000000 0.0000000000 2063.9999999981 1000.0000000000 924.0000000000
14:41:04.828 1000.0000000000 1000.0000000000 0.0000000000 2063.9999999981 1000.0000000000 924.0000000000
14:41:04.859 1000.0000000000 1000.0000000000 0.0000000000 2063.9999999981 1000.0000000000 924.0000000000
14:41:04.890 1000.0000000000 1000.0000000000 0.0000000000 2074.9999999981 1000.0000000000 935.0000000000
14:41:04.921 1000.0000000000 1000.0000000000 0.0000000000 2074.9999999981 1000.0000000000 935.0000000000
14:41:04.953 1000.0000000000 1000.0000000000 0.0000000000 2074.9999999981 1000.0000000000 935.0000000000
14:41:04.984 1000.0000000000 1000.0000000000 0.0000000000 2070.9999999981 1000.0000000000 931.0000000000
14:41:05.015 1000.0000000000 1000.0000000000 0.0000000000 2037.9999999981 1000.0000000000 898.0000000000
14:41:05.046 1000.0000000000 1000.0000000000 0.0000000000 2037.9999999981 1000.0000000000 898.0000000000
14:41:05.078 1000.0000000000 1000.0000000000 0.0000000000 2036.9999999981 1000.0000000000 897.0000000000
14:41:05.109 1000.0000000000 1000.0000000000 0.0000000000 2036.9999999981 1000.0000000000 897.0000000000
14:41:05.140 1000.0000000000 1000.0000000000 0.0000000000 2036.9999999981 1000.0000000000 897.0000000000
14:41:05.171 1000.0000000000 1000.0000000000 0.0000000000 2034.9999999981 1000.0000000000 895.0000000000
14:41:05.203 1000.0000000000 1000.0000000000 0.0000000000 2018.9999999981 1000.0000000000 879.0000000000
14:41:05.234 1000.0000000000 1000.0000000000 0.0000000000 2034.9999999981 1000.0000000000 895.0000000000
14:41:05.265 1000.0000000000 1000.0000000000 0.0000000000 2067.9999999981 1000.0000000000 928.0000000000
14:41:05.296 1000.0000000000 1000.0000000000 0.0000000000 2067.9999999981 1000.0000000000 928.0000000000
14:41:05.328 1000.0000000000 1000.0000000000 0.0000000000 2075.9999999981 1000.0000000000 936.0000000000
14:41:05.359 1000.0000000000 1000.0000000000 0.0000000000 2067.9999999981 1000.0000000000 928.0000000000
14:41:05.390 1000.0000000000 1000.0000000000 0.0000000000 2056.9999999981 1000.0000000000 917.0000000000
14:41:05.421 1000.0000000000 1000.0000000000 0.0000000000 2060.9999999981 1000.0000000000 921.0000000000
14:41:05.453 1000.0000000000 1000.0000000000 0.0000000000 2067.9999999981 1000.0000000000 928.0000000000
14:41:05.484 1000.0000000000 1000.0000000000 0.0000000000 2056.9999999981 1000.0000000000 917.0000000000
14:41:05.515 1000.0000000000 1000.0000000000 0.0000000000 2056.9999999981 1000.0000000000 917.0000000000
14:41:05.546 1000.0000000000 1000.0000000000 0.0000000000 2032.9999999981 1000.0000000000 893.0000000000
14:41:05.578 1000.0000000000 1000.0000000000 0.0000000000 2032.9999999981 1000.0000000000 893.0000000000
14:41:05.609 1000.0000000000 1000.0000000000 0.0000000000 2034.9999999981 1000.0000000000 895.0000000000
14:41:05.640 1000.0000000000 1000.0000000000 0.0000000000 2067.9999999981 1000.0000000000 928.0000000000
14:41:05.671 1000.0000000000 1000.0000000000 0.0000000000 2067.9999999981 1000.0000000000 928.0000000000
14:41:05.703 1000.0000000000 1000.0000000000 0.0000000000 2067.9999999981 1000.0000000000 928.0000000000
14:41:05.734 1000.0000000000 1000.0000000000 0.0000000000 2056.9999999981 1000.0000000000 917.0000000000
14:41:05.765 1000.0000000000 1000.0000000000 0.0000000000 2039.9999999981 1000.0000000000 900.0000000000
14:41:05.796 1000.0000000000 1000.0000000000 0.0000000000 2041.9999999981 1000.0000000000 902.0000000000
14:41:05.828 1000.0000000000 1000.0000000000 0.0000000000 2043.9999999981 1000.0000000000 904.0000000000
14:41:05.859 1000.0000000000 1000.0000000000 0.0000000000 2043.9999999981 1000.0000000000 904.0000000000
14:41:05.890 1000.0000000000 1000.0000000000 0.0000000000 2056.9999999981 1000.0000000000 917.0000000000
