Тестовая информация 0. Исходные сенсорные данные: Time, X_rob, Y_rob, Ang_rob, X_obj, Y_obj, Distance (мм, град)
14:41:30.734 1000.0000000000 1000.0000000000 0.0000000000 2135.9999999981 1000.0000000000 996.0000000000
14:41:30.765 1000.0000000000 1000.0000000000 0.0000000000 2124.9999999981 1000.0000000000 985.0000000000
14:41:30.796 1000.0000000000 1000.0000000000 0.0000000000 2113.9999999981 1000.0000000000 974.0000000000
14:41:30.828 1000.0000000000 1000.0000000000 0.0000000000 2113.9999999981 1000.0000000000 974.0000000000
14:41:30.859 1000.0000000000 1000.0000000000 0.0000000000 2095.9999999981 1000.0000000000 956.0000000000
14:41:30.890 1000.0000000000 1000.0000000000 0.0000000000 2095.9999999981 1000.0000000000 956.0000000000
14:41:30.921 1000.0000000000 1000.0000000000 0.0000000000 2098.9999999981 1000.0000000000 959.0000000000
14:41:30.953 1000.0000000000 1000.0000000000 0.0000000000 2109.9999999981 1000.0000000000 970.0000000000
14:41:30.984 1000.0000000000 1000.0000000000 0.0000000000 2109.9999999981 1000.0000000000 970.0000000000
14:41:31.015 1000.0000000000 1000.0000000000 0.0000000000 2114.9999999981 1000.0000000000 975.0000000000
14:41:31.046 1000.0000000000 1000.0000000000 0.0000000000 2109.9999999981 1000.0000000000 970.0000000000
14:41:31.078 1000.0000000000 1000.0000000000 0.0000000000 2109.9999999981 1000.0000000000 970.0000000000
14:41:31.109 1000.0000000000 1000.0000000000 0.0000000000 2129.9999999981 1000.0000000000 990.0000000000
14:41:31.140 1000.0000000000 1000.0000000000 0.0000000000 2126.9999999981 1000.0000000000 987.0000000000
14:41:31.171 1000.0000000000 1000.0000000000 0.0000000000 2109.9999999981 1000.0000000000 970.0000000000
14:41:31.203 1000.0000000000 1000.0000000000 0.0000000000 2109.9999999981 1000.0000000000 970.0000000000
14:41:31.234 1000.0000000000 1000.0000000000 0.0000000000 2126.9999999981 1000.0000000000 987.0000000000
14:41:31.265 1000.0000000000 1000.0000000000 0.0000000000 2126.9999999981 1000.0000000000 987.0000000000
14:41:31.296 1000.0000000000 1000.0000000000 0.0000000000 2137.9999999981 1000.0000000000 998.0000000000
14:41:31.328 1000.0000000000 1000.0000000000 0.0000000000 2134.9999999981 1000.0000000000 995.0000000000
14:41:31.359 1000.0000000000 1000.0000000000 0.0000000000 2126.9999999981 1000.0000000000 987.0000000000
14:41:31.390 1000.0000000000 1000.0000000000 0.0000000000 2126.9999999981 1000.0000000000 987.0000000000
14:41:31.421 1000.0000000000 1000.0000000000 0.0000000000 2118.9999999981 1000.0000000000 979.0000000000
14:41:31.453 1000.0000000000 1000.0000000000 0.0000000000 2118.9999999981 1000.0000000000 979.0000000000
14:41:31.484 1000.0000000000 1000.0000000000 0.0000000000 2118.9999999981 1000.0000000000 979.0000000000
14:41:31.515 1000.0000000000 1000.0000000000 0.0000000000 2106.9999999981 1000.0000000000 967.0000000000
14:41:31.546 1000.0000000000 1000.0000000000 0.0000000000 2080.9999999981 1000.0000000000 941.0000000000
14:41:31.578 1000.0000000000 1000.0000000000 0.0000000000 2106.9999999981 1000.0000000000 967.0000000000
14:41:31.609 1000.0000000000 1000.0000000000 0.0000000000 2103.9999999981 1000.0000000000 964.0000000000
14:41:31.640 1000.0000000000 1000.0000000000 0.0000000000 2103.9999999981 1000.0000000000 964.0000000000
14:41:31.671 1000.0000000000 1000.0000000000 0.0000000000 2113.9999999981 1000.0000000000 974.0000000000
14:41:31.703 1000.0000000000 1000.0000000000 0.0000000000 2112.9999999981 1000.0000000000 973.0000000000
14:41:31.734 1000.0000000000 1000.0000000000 0.0000000000 2112.9999999981 1000.0000000000 973.0000000000
14:41:31.765 1000.0000000000 1000.0000000000 0.0000000000 2114.9999999981 1000.0000000000 975.0000000000
14:41:31.796 1000.0000000000 1000.0000000000 0.0000000000 2115.9999999981 1000.0000000000 976.0000000000
14:41:31.828 1000.0000000000 1000.0000000000 0.0000000000 2115.9999999981 1000.0000000000 976.0000000000
14:41:31.859 1000.0000000000 1000.0000000000 0.0000000000 2139.9999999981 1000.0000000000 1000.0000000000
14:41:31.890 1000.0000000000 1000.0000000000 0.0000000000 2136.9999999981 1000.0000000000 997.0000000000
14:41:31.921 1000.0000000000 1000.0000000000 0.0000000000 2136.9999999981 1000.0000000000 997.0000000000
14:41:31.953 1000.0000000000 1000.0000000000 0.0000000000 2136.9999999981 1000.0000000000 997.0000000000
14:41:31.984 1000.0000000000 1000.0000000000 0.0000000000 2130.9999999981 1000.0000000000 991.0000000000
14:41:32.015 1000.0000000000 1000.0000000000 0.0000000000 2128.9999999981 1000.0000000000 989.0000000000
14:41:32.046 1000.0000000000 1000.0000000000 0.0000000000 2128.9999999981 1000.0000000000 989.0000000000
14:41:32.078 1000.0000000000 1000.0000000000 0.0000000000 2114.9999999981 1000.0000000000 975.0000000000
14:41:32.109 1000.0000000000 1000.0000000000 0.0000000000 2114.9999999981 1000.0000000000 975.0000000000
14:41:32.140 1000.0000000000 1000.0000000000 0.0000000000 2114.9999999981 1000.0000000000 975.0000000000
14:41:32.171 1000.0000000000 1000.0000000000 0.0000000000 2128.9999999981 1000.0000000000 989.0000000000
14:41:32.203 1000.0000000000 1000.0000000000 0.0000000000 2128.9999999981 1000.0000000000 989.0000000000
14:41:32.234 1000.0000000000 1000.0000000000 0.0000000000 2167.9999999981 1000.0000000000 1028.0000000000
14:41:32.265 1000.0000000000 1000.0000000000 0.0000000000 2145.9999999981 1000.0000000000 1006.0000000000
14:41:32.296 1000.0000000000 1000.0000000000 0.0000000000 2145.9999999981 1000.0000000000 1006.0000000000
14:41:32.328 1000.0000000000 1000.0000000000 0.0000000000 2145.9999999981 1000.0000000000 1006.0000000000
14:41:32.359 1000.0000000000 1000.0000000000 0.0000000000 2096.9999999981 1000.0000000000 957.0000000000
14:41:32.390 1000.0000000000 1000.0000000000 0.0000000000 2092.9999999981 1000.0000000000 953.0000000000
14:41:32.421 1000.0000000000 1000.0000000000 0.0000000000 2092.9999999981 1000.0000000000 953.0000000000
14:41:32.453 1000.0000000000 1000.0000000000 0.0000000000 2084.9999999981 1000.0000000000 945.0000000000
14:41:32.484 1000.0000000000 1000.0000000000 0.0000000000 2084.9999999981 1000.0000000000 945.0000000000
14:41:32.515 1000.0000000000 1000.0000000000 0.0000000000 2084.9999999981 1000.0000000000 945.0000000000
14:41:32.546 1000.0000000000 1000.0000000000 0.0000000000 2087.9999999981 1000.0000000000 948.0000000000
14:41:32.578 1000.0000000000 1000.0000000000 0.0000000000 2087.9999999981 1000.0000000000 948.0000000000
14:41:32.609 1000.0000000000 1000.0000000000 0.0000000000 2087.9999999981 1000.0000000000 948.0000000000
14:41:32.640 1000.0000000000 1000.0000000000 0.0000000000 2087.9999999981 1000.0000000000 948.0000000000
14:41:32.671 1000.0000000000 1000.0000000000 0.0000000000 2087.9999999981 1000.0000000000 948.0000000000
14:41:32.703 1000.0000000000 1000.0000000000 0.0000000000 2149.9999999981 1000.0000000000 1010.0000000000
14:41:32.734 1000.0000000000 1000.0000000000 0.0000000000 2146.9999999981 1000.0000000000 1007.0000000000
14:41:32.765 1000.0000000000 1000.0000000000 0.0000000000 2140.9999999981 1000.0000000000 1001.0000000000
14:41:32.796 1000.0000000000 1000.0000000000 0.0000000000 2140.9999999981 1000.0000000000 1001.0000000000
14:41:32.828 1000.0000000000 1000.0000000000 0.0000000000 2131.9999999981 1000.0000000000 992.0000000000
14:41:32.859 1000.0000000000 1000.0000000000 0.0000000000 2112.9999999981 1000.0000000000 973.0000000000
14:41:32.890 1000.0000000000 1000.0000000000 0.0000000000 2112.9999999981 1000.0000000000 973.0000000000
14:41:32.921 1000.0000000000 1000.0000000000 0.0000000000 2104.9999999981 1000.0000000000 965.0000000000
14:41:32.953 1000.0000000000 1000.0000000000 0.0000000000 2104.9999999981 1000.0000000000 965.0000000000
14:41:32.984 1000.0000000000 1000.0000000000 0.0000000000 2107.9999999981 1000.0000000000 968.0000000000
14:41:33.015 1000.0000000000 1000.0000000000 0.0000000000 2119.9999999981 1000.0000000000 980.0000000000
14:41:33.046 1000.0000000000 1000.0000000000 0.0000000000 2119.9999999981 1000.0000000000 980.0000000000
14:41:33.078 1000.0000000000 1000.0000000000 0.0000000000 2217.9999999981 1000.0000000000 1078.0000000000
14:41:33.109 1000.0000000000 1000.0000000000 0.0000000000 2146.9999999981 1000.0000000000 1007.0000000000
14:41:33.140 1000.0000000000 1000.0000000000 0.0000000000 2146.9999999981 1000.0000000000 1007.0000000000
14:41:33.171 1000.0000000000 1000.0000000000 0.0000000000 2146.9999999981 1000.0000000000 1007.0000000000
14:41:33.203 1000.0000000000 1000.0000000000 0.0000000000 2129.9999999981 1000.0000000000 990.0000000000
14:41:33.234 1000.0000000000 1000.0000000000 0.0000000000 2121.9999999981 1000.0000000000 982.0000000000
14:41:33.265 1000.0000000000 1000.0000000000 0.0000000000 2125.9999999981 1000.0000000000 986.0000000000
14:41:33.296 1000.0000000000 1000.0000000000 0.0000000000 2121.9999999981 1000.0000000000 982.0000000000
14:41:33.328 1000.0000000000 1000.0000000000 0.0000000000 2121.9999999981 1000.0000000000 982.0000000000
14:41:33.359 1000.0000000000 1000.0000000000 0.0000000000 2129.9999999981 1000.0000000000 990.0000000000
14:41:33.390 1000.0000000000 1000.0000000000 0.0000000000 2152.9999999981 1000.0000000000 1013.0000000000
14:41:33.421 1000.0000000000 1000.0000000000 0.0000000000 2140.9999999981 1000.0000000000 1001.0000000000
14:41:33.453 1000.0000000000 1000.0000000000 0.0000000000 2151.9999999981 1000.0000000000 1012.0000000000
14:41:33.484 1000.0000000000 1000.0000000000 0.0000000000 2140.9999999981 1000.0000000000 1001.0000000000
14:41:33.515 1000.0000000000 1000.0000000000 0.0000000000 2118.9999999981 1000.0000000000 979.0000000000
14:41:33.546 1000.0000000000 1000.0000000000 0.0000000000 2123.9999999981 1000.0000000000 984.0000000000
14:41:33.578 1000.0000000000 1000.0000000000 0.0000000000 2120.9999999981 1000.0000000000 981.0000000000
14:41:33.609 1000.0000000000 1000.0000000000 0.0000000000 2120.9999999981 1000.0000000000 981.0000000000
14:41:33.640 1000.0000000000 1000.0000000000 0.0000000000 2206.9999999981 1000.0000000000 1067.0000000000
14:41:33.671 1000.0000000000 1000.0000000000 0.0000000000 2139.9999999981 1000.0000000000 1000.0000000000
14:41:33.703 1000.0000000000 1000.0000000000 0.0000000000 2139.9999999981 1000.0000000000 1000.0000000000
14:41:33.734 1000.0000000000 1000.0000000000 0.0000000000 2140.9999999981 1000.0000000000 1001.0000000000
14:41:33.765 1000.0000000000 1000.0000000000 0.0000000000 2152.9999999981 1000.0000000000 1013.0000000000
14:41:33.796 1000.0000000000 1000.0000000000 0.0000000000 2139.9999999981 1000.0000000000 1000.0000000000
14:41:33.828 1000.0000000000 1000.0000000000 0.0000000000 2139.9999999981 1000.0000000000 1000.0000000000
14:41:33.859 1000.0000000000 1000.0000000000 0.0000000000 2118.9999999981 1000.0000000000 979.0000000000
14:41:33.890 1000.0000000000 1000.0000000000 0.0000000000 2118.9999999981 1000.0000000000 979.0000000000
14:41:33.921 1000.0000000000 1000.0000000000 0.0000000000 2149.9999999981 1000.0000000000 1010.0000000000
14:41:33.953 1000.0000000000 1000.0000000000 0.0000000000 2118.9999999981 1000.0000000000 979.0000000000
14:41:33.984 1000.0000000000 1000.0000000000 0.0000000000 2112.9999999981 1000.0000000000 973.0000000000
14:41:34.015 1000.0000000000 1000.0000000000 0.0000000000 2118.9999999981 1000.0000000000 979.0000000000
14:41:34.046 1000.0000000000 1000.0000000000 0.0000000000 2134.9999999981 1000.0000000000 995.0000000000
14:41:34.078 1000.0000000000 1000.0000000000 0.0000000000 2117.9999999981 1000.0000000000 978.0000000000
14:41:34.109 1000.0000000000 1000.0000000000 0.0000000000 2134.9999999981 1000.0000000000 995.0000000000
14:41:34.140 1000.0000000000 1000.0000000000 0.0000000000 2117.9999999981 1000.0000000000 978.0000000000
14:41:34.171 1000.0000000000 1000.0000000000 0.0000000000 2117.9999999981 1000.0000000000 978.0000000000
14:41:34.203 1000.0000000000 1000.0000000000 0.0000000000 2119.9999999981 1000.0000000000 980.0000000000
14:41:34.234 1000.0000000000 1000.0000000000 0.0000000000 2132.9999999981 1000.0000000000 993.0000000000
14:41:34.265 1000.0000000000 1000.0000000000 0.0000000000 2117.9999999981 1000.0000000000 978.0000000000
14:41:34.296 1000.0000000000 1000.0000000000 0.0000000000 2132.9999999981 1000.0000000000 993.0000000000
14:41:34.328 1000.0000000000 1000.0000000000 0.0000000000 2117.9999999981 1000.0000000000 978.0000000000
14:41:34.359 1000.0000000000 1000.0000000000 0.0000000000 2117.9999999981 1000.0000000000 978.0000000000
14:41:34.390 1000.0000000000 1000.0000000000 0.0000000000 2117.9999999981 1000.0000000000 978.0000000000
14:41:34.421 1000.0000000000 1000.0000000000 0.0000000000 2119.9999999981 1000.0000000000 980.0000000000
14:41:34.468 1000.0000000000 1000.0000000000 0.0000000000 2086.9999999981 1000.0000000000 947.0000000000
14:41:34.484 1000.0000000000 1000.0000000000 0.0000000000 2119.9999999981 1000.0000000000 980.0000000000
14:41:34.515 1000.0000000000 1000.0000000000 0.0000000000 2120.9999999981 1000.0000000000 981.0000000000
14:41:34.546 1000.0000000000 1000.0000000000 0.0000000000 2120.9999999981 1000.0000000000 981.0000000000
14:41:34.578 1000.0000000000 1000.0000000000 0.0000000000 2120.9999999981 1000.0000000000 981.0000000000
14:41:34.609 1000.0000000000 1000.0000000000 0.0000000000 2119.9999999981 1000.0000000000 980.0000000000
14:41:34.640 1000.0000000000 1000.0000000000 0.0000000000 2114.9999999981 1000.0000000000 975.0000000000
14:41:34.671 1000.0000000000 1000.0000000000 0.0000000000 2114.9999999981 1000.0000000000 975.0000000000
14:41:34.703 1000.0000000000 1000.0000000000 0.0000000000 2119.9999999981 1000.0000000000 980.0000000000
14:41:34.734 1000.0000000000 1000.0000000000 0.0000000000 2110.9999999981 1000.0000000000 971.0000000000
14:41:34.765 1000.0000000000 1000.0000000000 0.0000000000 2110.9999999981 1000.0000000000 971.0000000000
14:41:34.796 1000.0000000000 1000.0000000000 0.0000000000 2110.9999999981 1000.0000000000 971.0000000000
14:41:34.828 1000.0000000000 1000.0000000000 0.0000000000 2110.9999999981 1000.0000000000 971.0000000000
14:41:34.859 1000.0000000000 1000.0000000000 0.0000000000 2141.9999999981 1000.0000000000 1002.0000000000
14:41:34.890 1000.0000000000 1000.0000000000 0.0000000000 2169.9999999981 1000.0000000000 1030.0000000000
14:41:34.921 1000.0000000000 1000.0000000000 0.0000000000 2110.9999999981 1000.0000000000 971.0000000000
14:41:34.953 1000.0000000000 1000.0000000000 0.0000000000 2137.9999999981 1000.0000000000 998.0000000000
14:41:34.984 1000.0000000000 1000.0000000000 0.0000000000 2158.9999999981 1000.0000000000 1019.0000000000
14:41:35.015 1000.0000000000 1000.0000000000 0.0000000000 2158.9999999981 1000.0000000000 1019.0000000000
14:41:35.046 1000.0000000000 1000.0000000000 0.0000000000 2158.9999999981 1000.0000000000 1019.0000000000
14:41:35.078 1000.0000000000 1000.0000000000 0.0000000000 2142.9999999981 1000.0000000000 1003.0000000000
14:41:35.109 1000.0000000000 1000.0000000000 0.0000000000 2135.9999999981 1000.0000000000 996.0000000000
14:41:35.140 1000.0000000000 1000.0000000000 0.0000000000 2140.9999999981 1000.0000000000 1001.0000000000
14:41:35.171 1000.0000000000 1000.0000000000 0.0000000000 2135.9999999981 1000.0000000000 996.0000000000
14:41:35.203 1000.0000000000 1000.0000000000 0.0000000000 2134.9999999981 1000.0000000000 995.0000000000
14:41:35.234 1000.0000000000 1000.0000000000 0.0000000000 2134.9999999981 1000.0000000000 995.0000000000
14:41:35.265 1000.0000000000 1000.0000000000 0.0000000000 2135.9999999981 1000.0000000000 996.0000000000
14:41:35.296 1000.0000000000 1000.0000000000 0.0000000000 2114.9999999981 1000.0000000000 975.0000000000
14:41:35.328 1000.0000000000 1000.0000000000 0.0000000000 2135.9999999981 1000.0000000000 996.0000000000
14:41:35.359 1000.0000000000 1000.0000000000 0.0000000000 2124.9999999981 1000.0000000000 985.0000000000
14:41:35.390 1000.0000000000 1000.0000000000 0.0000000000 2114.9999999981 1000.0000000000 975.0000000000
14:41:35.421 1000.0000000000 1000.0000000000 0.0000000000 2114.9999999981 1000.0000000000 975.0000000000
14:41:35.453 1000.0000000000 1000.0000000000 0.0000000000 2102.9999999981 1000.0000000000 963.0000000000
14:41:35.484 1000.0000000000 1000.0000000000 0.0000000000 2102.9999999981 1000.0000000000 963.0000000000
14:41:35.515 1000.0000000000 1000.0000000000 0.0000000000 2134.9999999981 1000.0000000000 995.0000000000
14:41:35.546 1000.0000000000 1000.0000000000 0.0000000000 2117.9999999981 1000.0000000000 978.0000000000
14:41:35.578 1000.0000000000 1000.0000000000 0.0000000000 2117.9999999981 1000.0000000000 978.0000000000
14:41:35.609 1000.0000000000 1000.0000000000 0.0000000000 2120.9999999981 1000.0000000000 981.0000000000
14:41:35.640 1000.0000000000 1000.0000000000 0.0000000000 2117.9999999981 1000.0000000000 978.0000000000
14:41:35.671 1000.0000000000 1000.0000000000 0.0000000000 2113.9999999981 1000.0000000000 974.0000000000
14:41:35.703 1000.0000000000 1000.0000000000 0.0000000000 2113.9999999981 1000.0000000000 974.0000000000
14:41:35.734 1000.0000000000 1000.0000000000 0.0000000000 2103.9999999981 1000.0000000000 964.0000000000
14:41:35.765 1000.0000000000 1000.0000000000 0.0000000000 2080.9999999981 1000.0000000000 941.0000000000
14:41:35.796 1000.0000000000 1000.0000000000 0.0000000000 2103.9999999981 1000.0000000000 964.0000000000
14:41:35.828 1000.0000000000 1000.0000000000 0.0000000000 2120.9999999981 1000.0000000000 981.0000000000
14:41:35.859 1000.0000000000 1000.0000000000 0.0000000000 2120.9999999981 1000.0000000000 981.0000000000
14:41:35.890 1000.0000000000 1000.0000000000 0.0000000000 2120.9999999981 1000.0000000000 981.0000000000
14:41:35.921 1000.0000000000 1000.0000000000 0.0000000000 2139.9999999981 1000.0000000000 1000.0000000000
14:41:35.953 1000.0000000000 1000.0000000000 0.0000000000 2117.9999999981 1000.0000000000 978.0000000000
14:41:35.984 1000.0000000000 1000.0000000000 0.0000000000 2123.9999999981 1000.0000000000 984.0000000000
14:41:36.015 1000.0000000000 1000.0000000000 0.0000000000 2117.9999999981 1000.0000000000 978.0000000000
14:41:36.046 1000.0000000000 1000.0000000000 0.0000000000 2113.9999999981 1000.0000000000 974.0000000000
14:41:36.078 1000.0000000000 1000.0000000000 0.0000000000 2113.9999999981 1000.0000000000 974.0000000000
14:41:36.109 1000.0000000000 1000.0000000000 0.0000000000 2117.9999999981 1000.0000000000 978.0000000000
14:41:36.140 1000.0000000000 1000.0000000000 0.0000000000 2114.9999999981 1000.0000000000 975.0000000000
14:41:36.171 1000.0000000000 1000.0000000000 0.0000000000 2117.9999999981 1000.0000000000 978.0000000000
14:41:36.203 1000.0000000000 1000.0000000000 0.0000000000 2114.9999999981 1000.0000000000 975.0000000000
14:41:36.234 1000.0000000000 1000.0000000000 0.0000000000 2110.9999999981 1000.0000000000 971.0000000000
14:41:36.265 1000.0000000000 1000.0000000000 0.0000000000 2112.9999999981 1000.0000000000 973.0000000000
14:41:36.296 1000.0000000000 1000.0000000000 0.0000000000 2114.9999999981 1000.0000000000 975.0000000000
14:41:36.328 1000.0000000000 1000.0000000000 0.0000000000 2110.9999999981 1000.0000000000 971.0000000000
14:41:36.359 1000.0000000000 1000.0000000000 0.0000000000 2114.9999999981 1000.0000000000 975.0000000000
14:41:36.390 1000.0000000000 1000.0000000000 0.0000000000 2120.9999999981 1000.0000000000 981.0000000000
14:41:36.421 1000.0000000000 1000.0000000000 0.0000000000 2120.9999999981 1000.0000000000 981.0000000000
14:41:36.453 1000.0000000000 1000.0000000000 0.0000000000 2135.9999999981 1000.0000000000 996.0000000000
14:41:36.484 1000.0000000000 1000.0000000000 0.0000000000 2140.9999999981 1000.0000000000 1001.0000000000
14:41:36.515 1000.0000000000 1000.0000000000 0.0000000000 2120.9999999981 1000.0000000000 981.0000000000
14:41:36.546 1000.0000000000 1000.0000000000 0.0000000000 2120.9999999981 1000.0000000000 981.0000000000
14:41:36.578 1000.0000000000 1000.0000000000 0.0000000000 2098.9999999981 1000.0000000000 959.0000000000
14:41:36.609 1000.0000000000 1000.0000000000 0.0000000000 2098.9999999981 1000.0000000000 959.0000000000
14:41:36.640 1000.0000000000 1000.0000000000 0.0000000000 2098.9999999981 1000.0000000000 959.0000000000
14:41:36.671 1000.0000000000 1000.0000000000 0.0000000000 2119.9999999981 1000.0000000000 980.0000000000
14:41:36.703 1000.0000000000 1000.0000000000 0.0000000000 2119.9999999981 1000.0000000000 980.0000000000
14:41:36.734 1000.0000000000 1000.0000000000 0.0000000000 2119.9999999981 1000.0000000000 980.0000000000
14:41:36.765 1000.0000000000 1000.0000000000 0.0000000000 2141.9999999981 1000.0000000000 1002.0000000000
14:41:36.796 1000.0000000000 1000.0000000000 0.0000000000 2141.9999999981 1000.0000000000 1002.0000000000
14:41:36.828 1000.0000000000 1000.0000000000 0.0000000000 2141.9999999981 1000.0000000000 1002.0000000000
14:41:36.859 1000.0000000000 1000.0000000000 0.0000000000 2131.9999999981 1000.0000000000 992.0000000000
14:41:36.890 1000.0000000000 1000.0000000000 0.0000000000 2113.9999999981 1000.0000000000 974.0000000000
14:41:36.921 1000.0000000000 1000.0000000000 0.0000000000 2113.9999999981 1000.0000000000 974.0000000000
14:41:36.953 1000.0000000000 1000.0000000000 0.0000000000 2131.9999999981 1000.0000000000 992.0000000000
14:41:36.984 1000.0000000000 1000.0000000000 0.0000000000 2131.9999999981 1000.0000000000 992.0000000000
14:41:37.015 1000.0000000000 1000.0000000000 0.0000000000 2173.9999999981 1000.0000000000 1034.0000000000
14:41:37.046 1000.0000000000 1000.0000000000 0.0000000000 2131.9999999981 1000.0000000000 992.0000000000
14:41:37.078 1000.0000000000 1000.0000000000 0.0000000000 2131.9999999981 1000.0000000000 992.0000000000
14:41:37.109 1000.0000000000 1000.0000000000 0.0000000000 2148.9999999981 1000.0000000000 1009.0000000000
14:41:37.140 1000.0000000000 1000.0000000000 0.0000000000 2132.9999999981 1000.0000000000 993.0000000000
14:41:37.171 1000.0000000000 1000.0000000000 0.0000000000 2131.9999999981 1000.0000000000 992.0000000000
14:41:37.203 1000.0000000000 1000.0000000000 0.0000000000 2131.9999999981 1000.0000000000 992.0000000000
14:41:37.234 1000.0000000000 1000.0000000000 0.0000000000 2080.9999999981 1000.0000000000 941.0000000000
14:41:37.265 1000.0000000000 1000.0000000000 0.0000000000 2080.9999999981 1000.0000000000 941.0000000000
14:41:37.296 1000.0000000000 1000.0000000000 0.0000000000 2080.9999999981 1000.0000000000 941.0000000000
14:41:37.328 1000.0000000000 1000.0000000000 0.0000000000 2101.9999999981 1000.0000000000 962.0000000000
14:41:37.359 1000.0000000000 1000.0000000000 0.0000000000 2101.9999999981 1000.0000000000 962.0000000000
14:41:37.390 1000.0000000000 1000.0000000000 0.0000000000 2156.9999999981 1000.0000000000 1017.0000000000
14:41:37.421 1000.0000000000 1000.0000000000 0.0000000000 2121.9999999981 1000.0000000000 982.0000000000
14:41:37.453 1000.0000000000 1000.0000000000 0.0000000000 2121.9999999981 1000.0000000000 982.0000000000
14:41:37.484 1000.0000000000 1000.0000000000 0.0000000000 2124.9999999981 1000.0000000000 985.0000000000
14:41:37.515 1000.0000000000 1000.0000000000 0.0000000000 2126.9999999981 1000.0000000000 987.0000000000
14:41:37.546 1000.0000000000 1000.0000000000 0.0000000000 2123.9999999981 1000.0000000000 984.0000000000
14:41:37.578 1000.0000000000 1000.0000000000 0.0000000000 2126.9999999981 1000.0000000000 987.0000000000
14:41:37.609 1000.0000000000 1000.0000000000 0.0000000000 2125.9999999981 1000.0000000000 986.0000000000
14:41:37.640 1000.0000000000 1000.0000000000 0.0000000000 2125.9999999981 1000.0000000000 986.0000000000
14:41:37.671 1000.0000000000 1000.0000000000 0.0000000000 2125.9999999981 1000.0000000000 986.0000000000
14:41:37.703 1000.0000000000 1000.0000000000 0.0000000000 2110.9999999981 1000.0000000000 971.0000000000
14:41:37.734 1000.0000000000 1000.0000000000 0.0000000000 2110.9999999981 1000.0000000000 971.0000000000
14:41:37.765 1000.0000000000 1000.0000000000 0.0000000000 2110.9999999981 1000.0000000000 971.0000000000
14:41:37.796 1000.0000000000 1000.0000000000 0.0000000000 2106.9999999981 1000.0000000000 967.0000000000
14:41:37.828 1000.0000000000 1000.0000000000 0.0000000000 2106.9999999981 1000.0000000000 967.0000000000
14:41:37.859 1000.0000000000 1000.0000000000 0.0000000000 2108.9999999981 1000.0000000000 969.0000000000
14:41:37.890 1000.0000000000 1000.0000000000 0.0000000000 2130.9999999981 1000.0000000000 991.0000000000
14:41:37.921 1000.0000000000 1000.0000000000 0.0000000000 2130.9999999981 1000.0000000000 991.0000000000
14:41:37.953 1000.0000000000 1000.0000000000 0.0000000000 2130.9999999981 1000.0000000000 991.0000000000
14:41:37.984 1000.0000000000 1000.0000000000 0.0000000000 2130.9999999981 1000.0000000000 991.0000000000
14:41:38.015 1000.0000000000 1000.0000000000 0.0000000000 2123.9999999981 1000.0000000000 984.0000000000
14:41:38.046 1000.0000000000 1000.0000000000 0.0000000000 2123.9999999981 1000.0000000000 984.0000000000
14:41:38.078 1000.0000000000 1000.0000000000 0.0000000000 2113.9999999981 1000.0000000000 974.0000000000
14:41:38.109 1000.0000000000 1000.0000000000 0.0000000000 2113.9999999981 1000.0000000000 974.0000000000
14:41:38.140 1000.0000000000 1000.0000000000 0.0000000000 2113.9999999981 1000.0000000000 974.0000000000
14:41:38.171 1000.0000000000 1000.0000000000 0.0000000000 2119.9999999981 1000.0000000000 980.0000000000
14:41:38.203 1000.0000000000 1000.0000000000 0.0000000000 2119.9999999981 1000.0000000000 980.0000000000
14:41:38.234 1000.0000000000 1000.0000000000 0.0000000000 2123.9999999981 1000.0000000000 984.0000000000
14:41:38.265 1000.0000000000 1000.0000000000 0.0000000000 2119.9999999981 1000.0000000000 980.0000000000
14:41:38.296 1000.0000000000 1000.0000000000 0.0000000000 2119.9999999981 1000.0000000000 980.0000000000
14:41:38.328 1000.0000000000 1000.0000000000 0.0000000000 2119.9999999981 1000.0000000000 980.0000000000
14:41:38.359 1000.0000000000 1000.0000000000 0.0000000000 2119.9999999981 1000.0000000000 980.0000000000
14:41:38.390 1000.0000000000 1000.0000000000 0.0000000000 2119.9999999981 1000.0000000000 980.0000000000
14:41:38.421 1000.0000000000 1000.0000000000 0.0000000000 2119.9999999981 1000.0000000000 980.0000000000
14:41:38.453 1000.0000000000 1000.0000000000 0.0000000000 2112.9999999981 1000.0000000000 973.0000000000
14:41:38.484 1000.0000000000 1000.0000000000 0.0000000000 2102.9999999981 1000.0000000000 963.0000000000
14:41:38.515 1000.0000000000 1000.0000000000 0.0000000000 2102.9999999981 1000.0000000000 963.0000000000
14:41:38.546 1000.0000000000 1000.0000000000 0.0000000000 2110.9999999981 1000.0000000000 971.0000000000
14:41:38.578 1000.0000000000 1000.0000000000 0.0000000000 2110.9999999981 1000.0000000000 971.0000000000
14:41:38.609 1000.0000000000 1000.0000000000 0.0000000000 2142.9999999981 1000.0000000000 1003.0000000000
14:41:38.640 1000.0000000000 1000.0000000000 0.0000000000 2157.9999999981 1000.0000000000 1018.0000000000
14:41:38.671 1000.0000000000 1000.0000000000 0.0000000000 2139.9999999981 1000.0000000000 1000.0000000000
14:41:38.703 1000.0000000000 1000.0000000000 0.0000000000 2139.9999999981 1000.0000000000 1000.0000000000
14:41:38.734 1000.0000000000 1000.0000000000 0.0000000000 2134.9999999981 1000.0000000000 995.0000000000
14:41:38.765 1000.0000000000 1000.0000000000 0.0000000000 2108.9999999981 1000.0000000000 969.0000000000
14:41:38.796 1000.0000000000 1000.0000000000 0.0000000000 2108.9999999981 1000.0000000000 969.0000000000
14:41:38.828 1000.0000000000 1000.0000000000 0.0000000000 2107.9999999981 1000.0000000000 968.0000000000
14:41:38.859 1000.0000000000 1000.0000000000 0.0000000000 2092.9999999981 1000.0000000000 953.0000000000
14:41:38.890 1000.0000000000 1000.0000000000 0.0000000000 2107.9999999981 1000.0000000000 968.0000000000
14:41:38.921 1000.0000000000 1000.0000000000 0.0000000000 2125.9999999981 1000.0000000000 986.0000000000
14:41:38.953 1000.0000000000 1000.0000000000 0.0000000000 2125.9999999981 1000.0000000000 986.0000000000
14:41:38.984 1000.0000000000 1000.0000000000 0.0000000000 2125.9999999981 1000.0000000000 986.0000000000
14:41:39.015 1000.0000000000 1000.0000000000 0.0000000000 2090.9999999981 1000.0000000000 951.0000000000
14:41:39.046 1000.0000000000 1000.0000000000 0.0000000000 2090.9999999981 1000.0000000000 951.0000000000
14:41:39.078 1000.0000000000 1000.0000000000 0.0000000000 2097.9999999981 1000.0000000000 958.0000000000
14:41:39.109 1000.0000000000 1000.0000000000 0.0000000000 2096.9999999981 1000.0000000000 957.0000000000
14:41:39.140 1000.0000000000 1000.0000000000 0.0000000000 2096.9999999981 1000.0000000000 957.0000000000
14:41:39.171 1000.0000000000 1000.0000000000 0.0000000000 2115.9999999981 1000.0000000000 976.0000000000
14:41:39.203 1000.0000000000 1000.0000000000 0.0000000000 2143.9999999981 1000.0000000000 1004.0000000000
14:41:39.234 1000.0000000000 1000.0000000000 0.0000000000 2143.9999999981 1000.0000000000 1004.0000000000
14:41:39.265 1000.0000000000 1000.0000000000 0.0000000000 2165.9999999981 1000.0000000000 1026.0000000000
14:41:39.296 1000.0000000000 1000.0000000000 0.0000000000 2143.9999999981 1000.0000000000 1004.0000000000
14:41:39.328 1000.0000000000 1000.0000000000 0.0000000000 2143.9999999981 1000.0000000000 1004.0000000000
14:41:39.359 1000.0000000000 1000.0000000000 0.0000000000 2143.9999999981 1000.0000000000 1004.0000000000
14:41:39.390 1000.0000000000 1000.0000000000 0.0000000000 2134.9999999981 1000.0000000000 995.0000000000
14:41:39.421 1000.0000000000 1000.0000000000 0.0000000000 2128.9999999981 1000.0000000000 989.0000000000
14:41:39.453 1000.0000000000 1000.0000000000 0.0000000000 2131.9999999981 1000.0000000000 992.0000000000
14:41:39.484 1000.0000000000 1000.0000000000 0.0000000000 2128.9999999981 1000.0000000000 989.0000000000
14:41:39.515 1000.0000000000 1000.0000000000 0.0000000000 2113.9999999981 1000.0000000000 974.0000000000
14:41:39.546 1000.0000000000 1000.0000000000 0.0000000000 2115.9999999981 1000.0000000000 976.0000000000
14:41:39.578 1000.0000000000 1000.0000000000 0.0000000000 2128.9999999981 1000.0000000000 989.0000000000
14:41:39.609 1000.0000000000 1000.0000000000 0.0000000000 2128.9999999981 1000.0000000000 989.0000000000
14:41:39.640 1000.0000000000 1000.0000000000 0.0000000000 2128.9999999981 1000.0000000000 989.0000000000
14:41:39.671 1000.0000000000 1000.0000000000 0.0000000000 2117.9999999981 1000.0000000000 978.0000000000
14:41:39.703 1000.0000000000 1000.0000000000 0.0000000000 2103.9999999981 1000.0000000000 964.0000000000
14:41:39.734 1000.0000000000 1000.0000000000 0.0000000000 2117.9999999981 1000.0000000000 978.0000000000
14:41:39.765 1000.0000000000 1000.0000000000 0.0000000000 2189.9999999981 1000.0000000000 1050.0000000000
14:41:39.796 1000.0000000000 1000.0000000000 0.0000000000 2154.9999999981 1000.0000000000 1015.0000000000
14:41:39.828 1000.0000000000 1000.0000000000 0.0000000000 2154.9999999981 1000.0000000000 1015.0000000000
14:41:39.859 1000.0000000000 1000.0000000000 0.0000000000 2146.9999999981 1000.0000000000 1007.0000000000
14:41:39.890 1000.0000000000 1000.0000000000 0.0000000000 2142.9999999981 1000.0000000000 1003.0000000000
14:41:39.921 1000.0000000000 1000.0000000000 0.0000000000 2142.9999999981 1000.0000000000 1003.0000000000
14:41:39.953 1000.0000000000 1000.0000000000 0.0000000000 2091.9999999981 1000.0000000000 952.0000000000
14:41:39.984 1000.0000000000 1000.0000000000 0.0000000000 2091.9999999981 1000.0000000000 952.0000000000
14:41:40.015 1000.0000000000 1000.0000000000 0.0000000000 2096.9999999981 1000.0000000000 957.0000000000
14:41:40.046 1000.0000000000 1000.0000000000 0.0000000000 2123.9999999981 1000.0000000000 984.0000000000
14:41:40.078 1000.0000000000 1000.0000000000 0.0000000000 2110.9999999981 1000.0000000000 971.0000000000
14:41:40.109 1000.0000000000 1000.0000000000 0.0000000000 2123.9999999981 1000.0000000000 984.0000000000
14:41:40.140 1000.0000000000 1000.0000000000 0.0000000000 2141.9999999981 1000.0000000000 1002.0000000000
14:41:40.171 1000.0000000000 1000.0000000000 0.0000000000 2141.9999999981 1000.0000000000 1002.0000000000
14:41:40.203 1000.0000000000 1000.0000000000 0.0000000000 2141.9999999981 1000.0000000000 1002.0000000000
14:41:40.234 1000.0000000000 1000.0000000000 0.0000000000 2148.9999999981 1000.0000000000 1009.0000000000
14:41:40.265 1000.0000000000 1000.0000000000 0.0000000000 2134.9999999981 1000.0000000000 995.0000000000
14:41:40.296 1000.0000000000 1000.0000000000 0.0000000000 2148.9999999981 1000.0000000000 1009.0000000000
14:41:40.328 1000.0000000000 1000.0000000000 0.0000000000 2163.9999999981 1000.0000000000 1024.0000000000
14:41:40.359 1000.0000000000 1000.0000000000 0.0000000000 2134.9999999981 1000.0000000000 995.0000000000
14:41:40.390 1000.0000000000 1000.0000000000 0.0000000000 2134.9999999981 1000.0000000000 995.0000000000
14:41:40.421 1000.0000000000 1000.0000000000 0.0000000000 2086.9999999981 1000.0000000000 947.0000000000
14:41:40.453 1000.0000000000 1000.0000000000 0.0000000000 2086.9999999981 1000.0000000000 947.0000000000
14:41:40.484 1000.0000000000 1000.0000000000 0.0000000000 2086.9999999981 1000.0000000000 947.0000000000
14:41:40.515 1000.0000000000 1000.0000000000 0.0000000000 2086.9999999981 1000.0000000000 947.0000000000
14:41:40.546 1000.0000000000 1000.0000000000 0.0000000000 2085.9999999981 1000.0000000000 946.0000000000
14:41:40.578 1000.0000000000 1000.0000000000 0.0000000000 2086.9999999981 1000.0000000000 947.0000000000
14:41:40.609 1000.0000000000 1000.0000000000 0.0000000000 2099.9999999981 1000.0000000000 960.0000000000
14:41:40.640 1000.0000000000 1000.0000000000 0.0000000000 2099.9999999981 1000.0000000000 960.0000000000
14:41:40.671 1000.0000000000 1000.0000000000 0.0000000000 2099.9999999981 1000.0000000000 960.0000000000
14:41:40.703 1000.0000000000 1000.0000000000 0.0000000000 2130.9999999981 1000.0000000000 991.0000000000
14:41:40.734 1000.0000000000 1000.0000000000 0.0000000000 2130.9999999981 1000.0000000000 991.0000000000
14:41:40.765 1000.0000000000 1000.0000000000 0.0000000000 2142.9999999981 1000.0000000000 1003.0000000000
14:41:40.796 1000.0000000000 1000.0000000000 0.0000000000 2130.9999999981 1000.0000000000 991.0000000000
14:41:40.828 1000.0000000000 1000.0000000000 0.0000000000 2119.9999999981 1000.0000000000 980.0000000000
14:41:40.859 1000.0000000000 1000.0000000000 0.0000000000 2119.9999999981 1000.0000000000 980.0000000000
14:41:40.890 1000.0000000000 1000.0000000000 0.0000000000 2112.9999999981 1000.0000000000 973.0000000000
14:41:40.921 1000.0000000000 1000.0000000000 0.0000000000 2096.9999999981 1000.0000000000 957.0000000000
14:41:40.953 1000.0000000000 1000.0000000000 0.0000000000 2104.9999999981 1000.0000000000 965.0000000000
14:41:40.984 1000.0000000000 1000.0000000000 0.0000000000 2112.9999999981 1000.0000000000 973.0000000000
14:41:41.015 1000.0000000000 1000.0000000000 0.0000000000 2112.9999999981 1000.0000000000 973.0000000000
14:41:41.046 1000.0000000000 1000.0000000000 0.0000000000 2158.9999999981 1000.0000000000 1019.0000000000
14:41:41.078 1000.0000000000 1000.0000000000 0.0000000000 2128.9999999981 1000.0000000000 989.0000000000
14:41:41.109 1000.0000000000 1000.0000000000 0.0000000000 2112.9999999981 1000.0000000000 973.0000000000
14:41:41.140 1000.0000000000 1000.0000000000 0.0000000000 2112.9999999981 1000.0000000000 973.0000000000
14:41:41.171 1000.0000000000 1000.0000000000 0.0000000000 2104.9999999981 1000.0000000000 965.0000000000
14:41:41.203 1000.0000000000 1000.0000000000 0.0000000000 2104.9999999981 1000.0000000000 965.0000000000
14:41:41.234 1000.0000000000 1000.0000000000 0.0000000000 2104.9999999981 1000.0000000000 965.0000000000
14:41:41.265 1000.0000000000 1000.0000000000 0.0000000000 2104.9999999981 1000.0000000000 965.0000000000
14:41:41.296 1000.0000000000 1000.0000000000 0.0000000000 2101.9999999981 1000.0000000000 962.0000000000
14:41:41.328 1000.0000000000 1000.0000000000 0.0000000000 2101.9999999981 1000.0000000000 962.0000000000
14:41:41.359 1000.0000000000 1000.0000000000 0.0000000000 2096.9999999981 1000.0000000000 957.0000000000
14:41:41.390 1000.0000000000 1000.0000000000 0.0000000000 2096.9999999981 1000.0000000000 957.0000000000
14:41:41.421 1000.0000000000 1000.0000000000 0.0000000000 2096.9999999981 1000.0000000000 957.0000000000
14:41:41.453 1000.0000000000 1000.0000000000 0.0000000000 2082.9999999981 1000.0000000000 943.0000000000
